Date,Open,High,Low,Close,Adj Close,Volume
2019-03-15,10.290000,10.450000,9.900000,9.960000,9.920822,189194100
2019-03-18,9.990000,10.310000,9.970000,10.200000,10.159878,91647500
2019-03-19,10.220000,10.340000,10.140000,10.190000,10.149917,54680900
2019-03-20,10.130000,10.330000,10.120000,10.220000,10.179800,48370000
2019-03-21,10.200000,10.330000,10.130000,10.270000,10.229604,50518900
2019-03-22,10.220000,10.240000,9.920000,9.980000,9.940742,81563500
2019-03-25,9.960000,10.130000,9.810000,9.880000,9.841136,49727700
2019-03-26,9.950000,10.150000,9.930000,10.100000,10.060271,47624800
2019-03-27,10.080000,10.180000,9.900000,9.960000,9.920822,55148300
2019-03-28,9.960000,10.010000,9.800000,9.890000,9.851098,45199400
2019-03-29,9.980000,10.030000,9.920000,9.990000,9.950705,48519100
2019-04-01,10.020000,10.130000,10.000000,10.100000,10.060271,51346000
2019-04-02,10.060000,10.280000,10.040000,10.240000,10.199720,51748200
2019-04-03,10.260000,10.280000,10.000000,10.100000,10.060271,56139500
2019-04-04,10.100000,10.120000,9.970000,10.030000,9.990546,41034100
2019-04-05,10.070000,10.140000,9.980000,10.010000,9.970625,43257200
2019-04-08,9.510000,9.540000,9.150000,9.490000,9.452670,176008200
2019-04-09,9.350000,9.410000,9.120000,9.220000,9.183733,83170700
2019-04-10,9.250000,9.260000,9.080000,9.160000,9.123968,53871400
2019-04-11,9.120000,9.260000,9.100000,9.120000,9.084126,54814800
2019-04-12,9.150000,9.210000,8.990000,9.000000,8.964599,68461200
2019-04-15,9.010000,9.050000,8.790000,8.980000,8.944677,82946700
2019-04-16,9.040000,9.190000,8.990000,9.140000,9.104048,60236000
2019-04-17,9.160000,9.180000,9.060000,9.120000,9.084126,48065100
2019-04-18,9.130000,9.350000,9.100000,9.350000,9.313222,51509100
2019-04-22,9.250000,9.350000,9.180000,9.320000,9.283340,67122500
2019-04-23,9.300000,9.370000,9.220000,9.330000,9.293300,40504600
2019-04-24,9.310000,9.350000,9.210000,9.320000,9.283340,28785100
2019-04-25,9.220000,9.230000,8.980000,9.120000,9.084126,62378000
2019-04-26,9.120000,9.590000,9.110000,9.570000,9.532356,74289700
2019-04-29,9.570000,9.740000,9.540000,9.730000,9.691726,66009500
2019-04-30,10.230000,10.530000,9.960000,10.170000,10.129997,177185500
2019-05-01,10.150000,10.420000,10.090000,10.100000,10.060271,99374400
2019-05-02,10.150000,10.400000,10.080000,10.250000,10.209681,79225800
2019-05-03,10.300000,10.500000,10.240000,10.500000,10.458698,68815500
2019-05-06,10.240000,10.490000,10.210000,10.430000,10.388973,43631800
2019-05-07,10.340000,10.360000,10.060000,10.110000,10.070231,56894200
2019-05-08,10.080000,10.250000,10.080000,10.160000,10.120035,47349300
2019-05-09,10.110000,10.210000,10.020000,10.040000,10.000507,59499800
2019-05-10,10.020000,10.180000,9.770000,10.130000,10.090154,63130200
2019-05-13,9.850000,10.070000,9.820000,9.870000,9.831177,60136000
2019-05-14,9.940000,10.350000,9.910000,10.320000,10.279407,70520500
2019-05-15,10.150000,10.390000,10.120000,10.260000,10.219643,53716400
2019-05-16,10.220000,10.290000,10.060000,10.130000,10.090154,54505500
2019-05-17,10.010000,10.160000,9.980000,10.000000,9.960665,37062500
2019-05-20,9.910000,10.060000,9.780000,9.880000,9.841136,52207100
2019-05-21,9.960000,9.960000,9.800000,9.960000,9.920822,60413400
2019-05-22,9.950000,10.120000,9.880000,9.900000,9.861058,51644100
2019-05-23,9.810000,9.830000,9.470000,9.560000,9.522396,56841500
2019-05-24,9.620000,9.680000,9.440000,9.450000,9.412827,47533100
2019-05-28,9.410000,9.540000,9.270000,9.360000,9.323182,72211700
2019-05-29,9.310000,9.390000,9.150000,9.370000,9.333143,44588000
2019-05-30,9.370000,9.510000,9.290000,9.470000,9.432750,50531400
2019-05-31,9.340000,9.470000,9.300000,9.440000,9.402867,46337900
2019-06-03,9.300000,9.540000,9.250000,9.530000,9.492513,47274000
2019-06-04,9.610000,10.000000,9.590000,10.000000,9.960665,61404700
2019-06-05,10.070000,10.090000,9.820000,9.890000,9.851098,41163400
2019-06-06,9.890000,10.000000,9.770000,9.920000,9.880980,38528000
2019-06-07,9.900000,10.050000,9.820000,9.980000,9.940742,41084600
2019-06-10,10.050000,10.350000,10.000000,10.050000,10.010468,52267100
2019-06-11,10.100000,10.200000,9.960000,10.120000,10.080193,38957700
2019-06-12,10.080000,10.390000,10.020000,10.280000,10.239563,54952900
2019-06-13,10.360000,10.520000,10.250000,10.310000,10.269445,62115700
2019-06-14,10.280000,10.340000,10.180000,10.230000,10.189759,34355100
2019-06-17,10.200000,10.240000,10.020000,10.050000,10.010468,46050300
2019-06-18,10.110000,10.430000,10.090000,10.420000,10.379013,73563600
2019-06-19,10.470000,10.610000,10.330000,10.340000,10.299328,60616700
2019-06-20,10.470000,10.700000,10.470000,10.630000,10.588187,65961500
2019-06-21,10.670000,10.710000,10.450000,10.480000,10.438776,65576000
2019-06-24,10.460000,10.530000,10.270000,10.280000,10.239563,36598800
2019-06-25,10.260000,10.280000,10.100000,10.220000,10.179800,35496200
2019-06-26,10.220000,10.390000,10.200000,10.270000,10.229604,34128000
2019-06-27,10.240000,10.440000,10.240000,10.400000,10.359091,33283300
2019-06-28,10.390000,10.500000,10.370000,10.500000,10.468764,44020400
2019-07-01,10.620000,10.720000,10.530000,10.630000,10.598378,40007700
2019-07-02,10.630000,10.720000,10.570000,10.620000,10.588408,30121700
2019-07-03,10.660000,10.660000,10.540000,10.610000,10.578436,22175600
2019-07-05,10.540000,10.550000,10.370000,10.500000,10.468764,30267700
2019-07-08,10.420000,10.430000,10.140000,10.200000,10.169657,48143100
2019-07-09,10.120000,10.290000,10.040000,10.250000,10.219507,35455800
2019-07-10,10.290000,10.430000,10.180000,10.200000,10.169657,39101700
2019-07-11,10.220000,10.310000,10.100000,10.110000,10.079924,33670100
2019-07-12,10.180000,10.390000,10.140000,10.370000,10.339151,39195500
2019-07-15,10.250000,10.340000,10.200000,10.270000,10.239450,42095100
2019-07-16,10.230000,10.400000,10.210000,10.380000,10.349121,39533200
2019-07-17,10.370000,10.370000,9.980000,9.980000,9.950310,53683000
2019-07-18,10.010000,10.190000,9.960000,10.060000,10.030073,45158500
2019-07-19,10.080000,10.190000,10.030000,10.040000,10.010133,34653900
2019-07-22,10.050000,10.230000,10.050000,10.210000,10.179626,43326900
2019-07-23,10.280000,10.680000,10.270000,10.650000,10.618318,74298300
2019-07-24,10.580000,10.700000,10.540000,10.680000,10.648229,44897500
2019-07-25,10.630000,10.670000,10.360000,10.430000,10.398973,46121000
2019-07-26,10.470000,10.550000,10.400000,10.510000,10.478734,27015800
2019-07-29,10.500000,10.580000,10.380000,10.380000,10.349121,37369400
2019-07-30,10.390000,10.580000,10.280000,10.520000,10.488706,45314500
2019-07-31,10.760000,10.790000,10.050000,10.450000,10.418912,172474100
2019-08-01,10.370000,10.490000,9.980000,10.080000,10.050013,87921700
2019-08-02,10.010000,10.080000,9.820000,10.000000,9.970252,64296400
2019-08-05,9.790000,9.810000,9.610000,9.660000,9.631263,70243200
2019-08-06,9.710000,9.750000,9.480000,9.570000,9.541531,66397800
2019-08-07,9.440000,9.470000,9.230000,9.460000,9.431858,76790400
2019-08-08,9.510000,9.530000,9.320000,9.490000,9.461768,49406600
2019-08-09,9.470000,9.480000,9.120000,9.150000,9.122780,76720800
2019-08-12,9.040000,9.090000,8.950000,9.050000,9.023078,65390400
2019-08-13,9.230000,9.590000,9.210000,9.350000,9.322186,74026400
2019-08-14,9.240000,9.300000,8.960000,9.030000,9.003138,89194600
2019-08-15,8.540000,8.630000,7.650000,8.010000,7.986172,401048700
2019-08-16,8.410000,8.800000,8.370000,8.790000,8.763850,248883600
2019-08-19,8.880000,8.890000,8.610000,8.670000,8.644208,111637600
2019-08-20,8.580000,8.600000,8.330000,8.380000,8.355071,102302300
2019-08-21,8.360000,8.480000,8.140000,8.160000,8.135725,85258500
2019-08-22,8.180000,8.310000,8.110000,8.190000,8.165635,68146600
2019-08-23,8.090000,8.100000,7.760000,7.970000,7.946290,128598300
2019-08-26,8.060000,8.100000,7.920000,8.050000,8.026053,57987200
2019-08-27,8.090000,8.110000,7.910000,7.930000,7.906410,66069600
2019-08-28,7.920000,7.990000,7.760000,7.940000,7.916380,57698300
2019-08-29,8.040000,8.200000,8.000000,8.110000,8.085875,58741000
2019-08-30,8.140000,8.260000,8.110000,8.250000,8.225458,47323600
2019-09-03,8.100000,8.390000,8.080000,8.330000,8.305220,67648900
2019-09-04,8.410000,8.870000,8.400000,8.800000,8.773822,93653700
2019-09-05,8.990000,9.230000,8.800000,8.810000,8.783792,86891100
2019-09-06,8.820000,8.820000,8.570000,8.710000,8.684089,42846200
2019-09-09,8.750000,9.050000,8.730000,8.960000,8.933345,49960500
2019-09-10,8.910000,9.270000,8.900000,9.140000,9.112810,62617200
2019-09-11,9.150000,9.360000,9.060000,9.360000,9.332155,57094900
2019-09-12,9.400000,9.520000,9.220000,9.260000,9.232452,68115100
2019-09-13,9.310000,9.450000,9.140000,9.340000,9.322283,45267800
2019-09-16,9.300000,9.420000,9.170000,9.380000,9.362206,45748400
2019-09-17,9.300000,9.390000,9.250000,9.360000,9.342244,37954000
2019-09-18,9.310000,9.390000,9.180000,9.380000,9.362206,40270700
2019-09-19,9.350000,9.500000,9.340000,9.420000,9.402131,33935300
2019-09-20,9.460000,9.540000,9.340000,9.370000,9.352225,57530400
2019-09-23,9.220000,9.390000,9.200000,9.340000,9.322283,33511100
2019-09-24,9.310000,9.350000,8.960000,8.970000,8.952985,53343000
2019-09-25,8.960000,9.200000,8.940000,9.160000,9.142623,43859400
2019-09-26,9.180000,9.210000,8.960000,9.020000,9.002890,37229800
2019-09-27,9.040000,9.170000,8.990000,9.040000,9.022851,30511000
2019-09-30,9.080000,9.100000,8.940000,8.940000,8.923040,35091400
2019-10-01,8.960000,9.040000,8.510000,8.610000,8.593666,68778600
2019-10-02,8.560000,8.620000,8.410000,8.510000,8.493856,47520800
2019-10-03,8.500000,8.710000,8.250000,8.710000,8.693477,58626600
2019-10-04,8.610000,8.700000,8.540000,8.570000,8.553742,52272800
2019-10-07,8.550000,8.650000,8.480000,8.560000,8.543762,32170400
2019-10-08,8.480000,8.500000,8.270000,8.280000,8.264293,45502400
2019-10-09,8.310000,8.370000,8.240000,8.350000,8.334161,32840800
2019-10-10,8.340000,8.520000,8.310000,8.450000,8.433970,30546100
2019-10-11,8.590000,8.920000,8.580000,8.800000,8.783307,55835000
2019-10-14,8.840000,8.850000,8.640000,8.720000,8.703459,34052700
2019-10-15,8.740000,8.920000,8.610000,8.890000,8.873137,38834300
2019-10-16,8.860000,9.070000,8.840000,8.900000,8.883117,57841500
2019-10-17,8.920000,9.090000,8.880000,9.040000,9.022851,32661000
2019-10-18,9.010000,9.100000,8.950000,8.960000,8.943003,39012900
2019-10-21,8.990000,9.120000,8.760000,8.790000,8.773325,60584800
2019-10-22,8.770000,9.060000,8.610000,9.060000,9.042813,57115100
2019-10-23,8.980000,9.150000,8.930000,9.140000,9.122662,47584900
2019-10-24,9.120000,9.150000,8.880000,8.950000,8.933022,34131700
2019-10-25,8.920000,9.090000,8.920000,9.000000,8.982927,42159700
2019-10-28,9.020000,9.120000,8.990000,9.070000,9.052794,31754900
2019-10-29,9.010000,9.140000,8.930000,9.070000,9.052794,45759000
2019-10-30,9.780000,10.370000,9.710000,10.110000,10.090821,215943400
2019-10-31,10.050000,10.210000,9.860000,9.980000,9.961067,86633900
2019-11-01,10.080000,10.390000,10.060000,10.380000,10.360310,82053300
2019-11-04,10.420000,10.950000,10.420000,10.930000,10.909266,97780000
2019-11-05,10.920000,10.970000,10.720000,10.970000,10.949190,71381700
2019-11-06,10.930000,11.100000,10.790000,11.020000,10.999095,78002300
2019-11-07,11.100000,11.320000,11.090000,11.290000,11.268583,71082300
2019-11-08,11.230000,11.550000,11.140000,11.520000,11.498147,62480600
2019-11-11,11.400000,11.500000,11.240000,11.350000,11.328469,45575600
2019-11-12,11.320000,11.580000,11.290000,11.420000,11.398336,48942900
2019-11-13,11.290000,11.360000,11.180000,11.290000,11.268583,53981300
2019-11-14,11.180000,11.350000,11.180000,11.290000,11.268583,30790600
2019-11-15,11.340000,11.550000,11.330000,11.520000,11.498147,38236200
2019-11-18,11.410000,11.500000,11.330000,11.440000,11.418299,50972400
2019-11-19,11.430000,11.550000,11.260000,11.500000,11.478185,46832800
2019-11-20,11.440000,11.490000,11.260000,11.390000,11.368394,46690100
2019-11-21,11.330000,11.620000,11.310000,11.530000,11.508128,41688800
2019-11-22,11.490000,11.720000,11.490000,11.550000,11.528090,38481800
2019-11-25,11.660000,11.840000,11.570000,11.580000,11.558033,56710200
2019-11-26,11.620000,11.670000,11.310000,11.350000,11.328469,64193900
2019-11-27,11.390000,11.470000,11.260000,11.290000,11.268583,45498700
2019-11-29,11.280000,11.360000,11.220000,11.270000,11.248621,22739300
2019-12-02,11.310000,11.520000,11.140000,11.160000,11.138830,68711100
2019-12-03,11.000000,11.110000,10.810000,10.990000,10.969152,64048700
2019-12-04,11.170000,11.180000,10.870000,10.900000,10.879322,43748500
2019-12-05,10.890000,10.960000,10.760000,10.790000,10.769532,47273400
2019-12-06,10.900000,11.110000,10.850000,11.100000,11.078944,50596900
2019-12-09,10.980000,11.130000,10.970000,10.990000,10.969152,26695700
2019-12-10,10.990000,11.030000,10.920000,11.010000,10.989115,24780900
2019-12-11,10.970000,11.090000,10.950000,10.970000,10.949190,36712500
2019-12-12,11.350000,11.570000,11.240000,11.440000,11.418299,99880100
2019-12-13,11.500000,11.600000,11.330000,11.340000,11.318489,52637100
2019-12-16,11.280000,11.360000,11.130000,11.170000,11.148810,55512900
2019-12-17,11.150000,11.230000,11.080000,11.100000,11.078944,41749300
2019-12-18,11.020000,11.140000,10.920000,10.960000,10.939209,75428100
2019-12-19,10.980000,11.150000,10.980000,11.040000,11.019057,45306600
2019-12-20,11.080000,11.140000,10.900000,11.030000,11.019057,73641100
2019-12-23,11.000000,11.170000,11.000000,11.160000,11.148929,44033200
2019-12-24,11.100000,11.200000,11.090000,11.190000,11.178899,20769000
2019-12-26,11.180000,11.230000,11.130000,11.230000,11.218859,30366700
2019-12-27,11.170000,11.210000,11.130000,11.180000,11.168909,29971800
2019-12-30,11.070000,11.160000,11.030000,11.080000,11.069008,48146000
2019-12-31,11.000000,11.160000,10.960000,11.160000,11.148929,56658000
2020-01-02,11.230000,11.960000,11.230000,11.930000,11.918165,87421800
2020-01-03,11.570000,12.000000,11.530000,11.970000,11.958125,85885800
2020-01-06,11.840000,12.210000,11.840000,12.140000,12.127956,111948700
2020-01-07,12.150000,12.240000,11.920000,12.050000,12.038046,70579300
2020-01-08,11.990000,12.050000,11.870000,11.940000,11.928154,55402500
2020-01-09,12.070000,12.090000,11.830000,11.910000,11.898185,39377100
2020-01-10,11.840000,11.910000,11.590000,11.670000,11.658422,58652000
2020-01-13,11.740000,12.150000,11.680000,12.120000,12.107976,66161500
2020-01-14,12.160000,12.190000,11.990000,12.030000,12.018065,45030000
2020-01-15,12.020000,12.020000,11.830000,11.870000,11.858224,46051000
2020-01-16,11.940000,11.980000,11.820000,11.840000,11.828254,36673600
2020-01-17,11.850000,11.930000,11.760000,11.810000,11.798285,46580700
2020-01-21,11.740000,11.800000,11.610000,11.660000,11.648433,43738200
2020-01-22,11.710000,11.710000,11.350000,11.370000,11.358720,61947800
2020-01-23,11.730000,11.850000,11.600000,11.770000,11.758324,73162900
2020-01-24,11.880000,11.890000,11.620000,11.710000,11.698383,59375800
2020-01-27,11.450000,11.590000,11.380000,11.440000,11.428651,47862600
2020-01-28,11.520000,11.820000,11.470000,11.730000,11.718363,62928600
2020-01-29,12.570000,13.000000,12.490000,12.940000,12.927162,220689300
2020-01-30,12.890000,12.990000,12.500000,12.730000,12.717371,95469300
2020-01-31,12.680000,12.740000,12.340000,12.450000,12.437649,77984000
2020-02-03,12.460000,12.680000,12.250000,12.260000,12.247838,50399300
2020-02-04,12.490000,12.620000,12.390000,12.580000,12.567520,44385200
2020-02-05,12.760000,12.860000,12.570000,12.860000,12.847241,50073900
2020-02-06,12.940000,13.000000,12.830000,12.950000,12.937153,63613900
2020-02-07,13.020000,13.090000,12.810000,12.830000,12.817272,66636600
2020-02-10,12.840000,12.970000,12.770000,12.910000,12.897192,33495500
2020-02-11,12.950000,12.980000,12.780000,12.850000,12.837253,40882300
2020-02-12,12.950000,13.260000,12.880000,13.160000,13.146944,65712900
2020-02-13,13.080000,13.160000,12.900000,12.940000,12.927162,51012300
2020-02-14,12.970000,13.070000,12.750000,12.830000,12.817272,36967100
2020-02-18,12.710000,12.950000,12.670000,12.750000,12.737351,43963500
2020-02-19,12.700000,12.940000,12.590000,12.610000,12.597489,54878300
2020-02-20,12.650000,12.680000,12.410000,12.530000,12.517570,39561900
2020-02-21,12.450000,12.460000,12.220000,12.250000,12.237847,42921200
2020-02-24,11.690000,12.060000,11.600000,11.860000,11.848234,70978000
2020-02-25,11.970000,12.000000,11.180000,11.320000,11.308769,81087400
2020-02-26,11.370000,11.540000,10.800000,10.950000,10.939137,93118000
2020-02-27,10.620000,10.950000,10.310000,10.390000,10.379693,94250500
2020-02-28,9.950000,11.190000,9.860000,10.880000,10.869206,151373200
2020-03-02,11.210000,11.340000,10.760000,11.210000,11.198879,124802200
2020-03-03,11.250000,11.380000,10.670000,10.880000,10.869206,109249200
2020-03-04,11.060000,11.120000,10.700000,10.950000,10.939137,83063100
2020-03-05,10.600000,10.730000,9.950000,10.080000,10.070000,108087200
2020-03-06,9.740000,9.760000,9.180000,9.400000,9.400000,148463500
2020-03-09,8.330000,8.660000,8.110000,8.210000,8.210000,122400700
2020-03-10,8.780000,8.850000,8.160000,8.850000,8.850000,98938900
2020-03-11,8.620000,8.660000,8.160000,8.210000,8.210000,103402500
2020-03-12,7.230000,7.780000,6.830000,7.230000,7.230000,157416100
2020-03-13,7.800000,8.040000,7.190000,7.850000,7.850000,110073200