Date,Open,High,Low,Close,Adj Close,Volume
2015-03-16,24.096153,24.500000,24.000000,24.471153,21.228840,35994800
2015-03-17,24.326923,24.413462,24.125000,24.336538,21.112059,35629300
2015-03-18,24.211538,24.855770,24.144230,24.653847,21.387323,39834900
2015-03-19,24.461538,24.625000,24.288462,24.355770,21.128740,39847300
2015-03-20,24.365385,24.548077,24.326923,24.423077,21.187128,52657900
2015-03-23,24.500000,24.750000,24.471153,24.490385,21.245516,33263800
2015-03-24,24.403847,24.500000,24.298077,24.298077,21.078691,26833300
2015-03-25,24.259615,24.355770,23.951923,23.951923,20.778399,36293200
2015-03-26,23.846153,23.961538,23.721153,23.846153,20.686646,33804500
2015-03-27,23.961538,23.961538,23.759615,23.903847,20.736696,29453400
2015-03-30,24.019230,24.230770,24.009615,24.153847,20.953573,28372600
2015-03-31,24.125000,24.125000,23.855770,23.855770,20.694986,36338500
2015-04-01,23.769230,23.961538,23.625000,23.884615,20.720009,40299400
2015-04-02,23.855770,24.038462,23.750000,23.980770,20.803425,30381600
2015-04-06,23.942308,24.432692,23.836538,24.211538,21.003626,34782900
2015-04-07,24.201923,24.307692,24.038462,24.057692,20.870155,22112000
2015-04-08,24.086538,24.153847,23.913462,24.048077,20.861814,23336700
2015-04-09,24.125000,24.836538,23.961538,24.740385,21.462395,62555800
2015-04-10,26.086538,27.576923,25.961538,27.413462,23.781303,366809900
2015-04-13,26.980770,27.105770,26.442308,26.567308,23.047262,160144200
2015-04-14,26.423077,26.769230,26.326923,26.663462,23.130672,58008200
2015-04-15,26.625000,26.778847,26.375000,26.403847,22.905460,58676900
2015-04-16,26.259615,26.442308,26.134615,26.230770,22.755312,64857600
2015-04-17,26.346153,26.634615,25.884615,26.201923,22.730284,91306200
2015-04-20,26.269230,26.384615,25.971153,25.980770,22.538433,64154400
2015-04-21,25.990385,26.019230,25.528847,25.596153,22.204781,79947100
2015-04-22,25.673077,25.980770,25.576923,25.875000,22.446680,48938300
2015-04-23,25.750000,26.028847,25.682692,25.817308,22.396633,39692400
2015-04-24,25.846153,25.903847,25.673077,25.769230,22.354921,28822500
2015-04-27,25.923077,25.961538,25.778847,25.846153,22.421648,37666400
2015-04-28,25.913462,26.115385,25.615385,26.076923,22.621849,39963600
2015-04-29,25.913462,26.201923,25.865385,26.048077,22.596825,38640100
2015-04-30,26.019230,26.298077,25.932692,26.038462,22.588484,44704400
2015-05-01,26.048077,26.269230,25.951923,26.259615,22.780336,29435400
2015-05-04,26.307692,26.548077,26.201923,26.221153,22.746967,27249700
2015-05-05,26.201923,26.307692,25.817308,25.884615,22.455021,31561100
2015-05-06,25.961538,26.134615,25.586538,25.778847,22.363264,28871400
2015-05-07,25.750000,26.076923,25.634615,26.000000,22.555119,32279700
2015-05-08,26.201923,26.432692,26.173077,26.307692,22.822044,38710300
2015-05-11,26.201923,26.250000,25.826923,25.884615,22.455021,33751500
2015-05-12,25.788462,26.048077,25.721153,25.990385,22.546776,30981300
2015-05-13,25.980770,26.192308,25.884615,26.163462,22.696922,38657200
2015-05-14,26.269230,26.375000,26.105770,26.355770,22.863754,28055100
2015-05-15,26.326923,26.384615,26.201923,26.221153,22.746967,37199400
2015-05-18,26.163462,26.336538,26.163462,26.259615,22.780336,23389000
2015-05-19,26.221153,26.336538,26.163462,26.298077,22.813704,30316800
2015-05-20,26.288462,26.634615,26.153847,26.576923,23.055597,41780500
2015-05-21,26.615385,26.721153,26.490385,26.653847,23.122334,41923500
2015-05-22,26.625000,26.711538,26.557692,26.615385,23.088961,24220800
2015-05-26,26.461538,26.519230,26.326923,26.461538,22.955503,49363800
2015-05-27,26.509615,26.557692,26.403847,26.461538,22.955503,26339800
2015-05-28,26.442308,26.567308,26.250000,26.567308,23.047262,27475000
2015-05-29,26.442308,26.442308,26.221153,26.221153,22.746967,43327400
2015-06-01,26.211538,26.288462,26.028847,26.230770,22.755312,34655200
2015-06-02,26.173077,26.365385,26.105770,26.278847,22.797020,27378300
2015-06-03,26.375000,26.500000,26.307692,26.471153,22.963848,27358500
2015-06-04,26.365385,26.557692,26.163462,26.211538,22.738628,34694900
2015-06-05,26.211538,26.326923,26.115385,26.240385,22.763655,31873600
2015-06-08,26.269230,26.307692,26.163462,26.192308,22.721949,31005300
2015-06-09,26.230770,26.413462,26.125000,26.278847,22.797020,32358400
2015-06-10,26.307692,26.615385,26.269230,26.567308,23.047262,34502700
2015-06-11,26.509615,26.576923,26.307692,26.451923,22.947161,32643900
2015-06-12,26.384615,26.423077,26.230770,26.336538,22.847061,23057400
2015-06-15,26.336538,26.336538,26.067308,26.163462,22.696922,29638600
2015-06-16,26.125000,26.192308,25.961538,26.173077,22.705261,28672200
2015-06-17,26.144230,26.346153,26.067308,26.221153,22.746967,38010200
2015-06-18,26.038462,26.355770,25.990385,26.317308,23.032417,39187900
2015-06-19,26.221153,26.326923,26.134615,26.192308,22.923014,62678300
2015-06-22,26.250000,26.442308,26.240385,26.365385,23.074490,28604800
2015-06-23,26.365385,26.538462,26.336538,26.490385,23.183886,33811300
2015-06-24,26.490385,26.528847,26.201923,26.211538,22.939846,33754900
2015-06-25,26.230770,26.298077,25.980770,26.000000,22.754711,24275700
2015-06-26,26.000000,26.086538,25.875000,26.048077,22.796787,26808400
2015-06-29,25.865385,25.932692,25.509615,25.615385,22.418100,34707100
2015-06-30,25.788462,25.923077,25.509615,25.548077,22.359196,36980100
2015-07-01,25.644230,25.836538,25.451923,25.634615,22.434935,31644400
2015-07-02,25.673077,25.798077,25.576923,25.750000,22.535917,27042300
2015-07-06,25.509615,25.615385,25.192308,25.298077,22.140402,28972400
2015-07-07,25.365385,25.528847,24.932692,25.451923,22.275049,33952900
2015-07-08,25.086538,25.230770,24.884615,24.894230,21.786963,33311900
2015-07-09,25.163462,25.384615,25.009615,25.019230,21.896362,31627800
2015-07-10,25.375000,25.423077,25.038462,25.259615,22.106741,26374100
2015-07-13,25.471153,25.509615,25.230770,25.451923,22.275049,25297500
2015-07-14,25.336538,25.701923,25.336538,25.634615,22.434935,23186300
2015-07-15,25.586538,25.759615,25.576923,25.740385,22.527502,29042100
2015-07-16,25.942308,26.000000,25.807692,26.000000,22.754711,31860800
2015-07-17,26.211538,26.278847,25.990385,26.192308,22.923014,42838600
2015-07-20,26.076923,26.163462,25.971153,26.096153,22.838858,25674000
2015-07-21,25.971153,26.105770,25.769230,25.817308,22.594828,30453500
2015-07-22,25.846153,25.923077,25.548077,25.605770,22.409689,25098700
2015-07-23,25.557692,25.576923,25.192308,25.250000,22.098324,24129200
2015-07-24,25.298077,25.307692,24.682692,24.759615,21.669151,32369100
2015-07-27,24.557692,24.980770,24.538462,24.951923,21.837454,37728000
2015-07-28,25.096153,25.230770,24.951923,25.096153,21.963678,28868600
2015-07-29,25.086538,25.269230,25.048077,25.250000,22.098324,24947400
2015-07-30,25.221153,25.230770,25.009615,25.115385,21.980513,23003600
2015-07-31,25.221153,25.278847,25.048077,25.096153,21.963678,24125400
2015-08-03,25.115385,25.125000,24.615385,24.875000,21.770130,33883500
2015-08-04,24.894230,25.057692,24.836538,24.903847,21.795382,22864600
2015-08-05,25.086538,25.317308,25.028847,25.096153,21.963678,26490200
2015-08-06,25.144230,25.173077,24.961538,25.028847,21.904778,17990100
2015-08-07,24.951923,25.057692,24.625000,24.798077,21.702808,26952800
2015-08-10,24.903847,25.288462,24.903847,25.230770,22.081493,24418300
2015-08-11,25.028847,25.028847,24.653847,24.721153,21.635489,29364700
2015-08-12,24.557692,24.884615,24.375000,24.865385,21.761719,32733700
2015-08-13,24.778847,24.913462,24.634615,24.798077,21.702808,17075400
2015-08-14,24.663462,25.096153,24.634615,25.076923,21.946852,21617700
2015-08-17,24.951923,25.230770,24.807692,25.201923,22.056252,19992600
2015-08-18,25.163462,25.201923,24.942308,25.067308,21.938435,21162700
2015-08-19,24.903847,25.028847,24.634615,24.740385,21.652321,30315800
2015-08-20,24.528847,24.653847,24.211538,24.221153,21.197901,36031600
2015-08-21,23.942308,24.163462,23.615385,23.644230,20.692986,67705900
2015-08-24,21.961538,23.115385,18.625000,22.951923,20.087091,94885900
2015-08-25,23.778847,23.788462,22.375000,22.375000,19.582182,63209100
2015-08-26,22.932692,23.144230,22.375000,23.086538,20.204906,82124500
2015-08-27,23.490385,24.048077,23.442308,24.048077,21.046421,67489900
2015-08-28,23.961538,24.201923,23.826923,24.192308,21.172653,34260200
2015-08-31,24.019230,24.019230,23.634615,23.865385,20.886536,38487000
2015-09-01,23.307692,23.423077,22.769230,22.961538,20.095507,67957700
2015-09-02,23.211538,23.634615,22.913462,23.625000,20.676157,52500000
2015-09-03,23.807692,23.990385,23.451923,23.567308,20.625666,34907300
2015-09-04,23.250000,23.250000,22.932692,23.076923,20.196491,37053500
2015-09-08,23.567308,24.019230,23.336538,24.000000,21.004347,48061300
2015-09-09,24.230770,24.250000,23.538462,23.605770,20.659323,35995600
2015-09-10,23.615385,23.903847,23.557692,23.730770,20.768726,36444800
2015-09-11,23.788462,24.000000,23.557692,23.990385,20.995932,33179100
2015-09-14,24.009615,24.019230,23.653847,23.817308,20.844461,27287100
2015-09-15,23.942308,24.471153,23.750000,24.326923,21.290462,48188000
2015-09-16,24.548077,25.028847,24.442308,24.932692,21.820623,64001700
2015-09-17,24.519230,24.932692,24.298077,24.375000,21.531164,50797800
2015-09-18,24.182692,24.240385,23.759615,23.846153,21.064018,80984000
2015-09-21,23.932692,24.230770,23.884615,24.125000,21.310326,30803600
2015-09-22,23.807692,24.192308,23.653847,24.144230,21.327318,45973200
2015-09-23,24.048077,24.355770,24.019230,24.173077,21.352798,42837600
2015-09-24,23.913462,24.471153,23.701923,23.951923,21.157450,55369000
2015-09-25,24.038462,24.076923,23.903847,23.961538,21.165937,40508100
2015-09-28,23.740385,23.788462,23.375000,23.375000,20.647831,44346900
2015-09-29,23.394230,23.653847,23.326923,23.625000,20.868668,43251300
2015-09-30,23.778847,24.269230,23.740385,24.250000,21.420750,45508600
2015-10-01,24.182692,24.336538,23.836538,24.221153,21.395267,41312500
2015-10-02,23.913462,24.509615,23.875000,24.490385,21.633083,44383200
2015-10-05,25.355770,26.153847,25.211538,25.788462,22.779716,109640200
2015-10-06,25.951923,26.355770,25.923077,26.240385,23.178909,74785700
2015-10-07,26.442308,26.701923,26.269230,26.701923,23.586603,68297800
2015-10-08,26.567308,27.115385,26.375000,26.951923,23.807438,53159200
2015-10-09,26.903847,27.086538,26.817308,26.990385,23.841413,49220700
2015-10-12,26.903847,27.086538,26.836538,27.009615,23.858398,26249100
2015-10-13,26.894230,27.192308,26.798077,26.798077,23.671539,44931300
2015-10-14,26.673077,26.769230,26.423077,26.538462,23.442213,40672200
2015-10-15,26.730770,27.086538,26.576923,26.951923,23.807438,80057700
2015-10-16,27.509615,28.067308,27.134615,27.865385,24.614323,147702000
2015-10-19,27.692308,28.423077,27.644230,27.875000,24.622820,136277800
2015-10-20,27.711538,27.884615,27.596153,27.673077,24.444454,78161200
2015-10-21,27.682692,28.115385,27.673077,27.740385,24.503908,68020200
2015-10-22,27.836538,28.596153,27.798077,28.442308,25.123940,84735400
2015-10-23,28.557692,28.682692,28.288462,28.375000,25.064478,79941800
2015-10-26,28.384615,28.519230,28.278847,28.413462,25.098461,50707600
2015-10-27,28.278847,28.500000,28.105770,28.326923,25.022018,70310400
2015-10-28,28.201923,28.442308,28.028847,28.259615,24.962559,73920600
2015-10-29,28.048077,28.250000,27.942308,28.211538,24.920090,44068800
2015-10-30,28.096153,28.201923,27.798077,27.807692,24.563358,73862200
2015-11-02,27.826923,28.269230,27.769230,28.269230,24.971056,61884800
2015-11-03,28.086538,28.644230,28.057692,28.451923,25.132431,99663000
2015-11-04,28.413462,28.644230,28.326923,28.403847,25.089964,109339200
2015-11-05,28.336538,28.596153,28.182692,28.500000,25.174896,127497200
2015-11-06,28.307692,28.798077,28.125000,28.769230,25.412714,131154100
2015-11-09,28.615385,28.798077,28.250000,28.605770,25.268332,151280600
2015-11-10,28.490385,29.105770,28.471153,28.961538,25.582586,249043600
2015-11-11,29.038462,29.634615,29.038462,29.490385,26.049734,205502700
2015-11-12,29.240385,29.711538,28.951923,29.000000,25.616564,304503200
2015-11-13,28.711538,29.317308,28.663462,29.115385,25.718489,257039800
2015-11-16,28.730770,29.423077,28.625000,29.192308,25.786438,296196300
2015-11-17,29.394230,29.567308,28.846153,29.153847,25.752459,448585900
2015-11-18,29.057692,29.394230,28.942308,29.346153,25.922331,184886400
2015-11-19,29.211538,29.336538,29.086538,29.105770,25.709995,102887300
2015-11-20,29.096153,29.798077,29.048077,29.480770,26.041239,219187800
2015-11-23,29.413462,29.634615,29.096153,29.413462,25.981789,140807100
2015-11-24,29.163462,29.682692,29.115385,29.480770,26.041239,151711700
2015-11-25,29.461538,29.471153,29.134615,29.192308,25.786438,56326000
2015-11-27,29.105770,29.211538,29.028847,29.192308,25.786438,34469600
2015-11-30,29.163462,29.278847,28.788462,28.788462,25.429705,82905200
2015-12-01,28.836538,29.086538,28.721153,29.009615,25.625059,56414600
2015-12-02,28.932692,29.067308,28.730770,28.817308,25.455185,45888500
2015-12-03,28.932692,29.086538,28.817308,28.875000,25.506145,65488600
2015-12-04,28.913462,29.346153,28.807692,29.317308,25.896851,60531300
2015-12-07,29.250000,29.269230,28.961538,29.201923,25.794928,69348500
2015-12-08,28.913462,29.211538,28.759615,29.028847,25.642046,55396100
2015-12-09,28.865385,29.413462,28.807692,29.298077,25.879864,52582800
2015-12-10,29.269230,29.740385,29.201923,29.471153,26.032749,48965800
2015-12-11,29.153847,29.432692,28.990385,29.096153,25.701496,65424000
2015-12-14,29.096153,29.288462,28.625000,29.096153,25.701496,67661600
2015-12-15,29.230770,29.432692,29.057692,29.153847,25.752459,61719400
2015-12-16,29.288462,30.028847,29.250000,29.788462,26.313034,76784700
2015-12-17,29.750000,29.855770,29.355770,29.375000,26.149715,60345000
2015-12-18,29.221153,29.403847,29.115385,29.115385,25.918608,86470500
2015-12-21,29.250000,29.423077,28.990385,29.230770,26.021324,42347900
2015-12-22,29.317308,29.451923,29.000000,29.317308,26.098360,43946600
2015-12-23,29.346153,29.807692,29.346153,29.759615,26.492104,37206400
2015-12-24,29.711538,29.740385,29.509615,29.644230,26.389387,14059600
2015-12-28,29.557692,29.807692,29.432692,29.711538,26.449305,27620000
2015-12-29,29.817308,30.269230,29.807692,30.076923,26.774574,34736400
2015-12-30,30.076923,30.230770,29.817308,29.855770,26.577698,30292800
2015-12-31,29.673077,30.278847,29.605770,29.951923,26.663292,54400000
2016-01-04,29.375000,29.576923,29.086538,29.528847,26.286671,65396700
2016-01-05,29.500000,29.653847,29.278847,29.557692,26.312347,57383200
2016-01-06,29.105770,29.538462,28.894230,29.086538,25.892929,65158800
2016-01-07,28.509615,28.807692,27.740385,27.855770,24.797291,95958000
2016-01-08,28.076923,28.173077,27.250000,27.355770,24.352196,77475900
2016-01-11,27.442308,28.769230,27.163462,27.480770,24.463469,60770700
2016-01-12,27.653847,27.769230,27.250000,27.538462,24.514826,49590100
2016-01-13,27.798077,27.942308,27.115385,27.153847,24.172441,57946400
2016-01-14,27.221153,28.125000,27.201923,27.942308,24.874331,67846300
2016-01-15,27.057692,27.653847,27.019230,27.394230,24.386429,72201700
2016-01-19,27.615385,27.778847,27.115385,27.394230,24.386429,54066200
2016-01-20,26.855770,27.336538,26.423077,26.923077,23.967009,91585300
2016-01-21,27.048077,27.875000,27.048077,27.490385,24.472025,58279100
2016-01-22,27.451923,27.461538,26.644230,27.153847,24.172441,91384100
2016-01-25,27.230770,27.394230,26.923077,26.961538,24.001242,46642700
2016-01-26,26.990385,27.442308,26.971153,27.221153,24.232359,44130200
2016-01-27,27.115385,27.480770,26.750000,26.923077,23.967009,47961000
2016-01-28,27.134615,27.259615,26.855770,27.125000,24.146755,41672600
2016-01-29,27.365385,27.990385,27.250000,27.980770,24.908575,53639200
2016-02-01,27.894230,27.913462,27.461538,27.538462,24.514826,45184000
2016-02-02,27.182692,27.201923,26.846153,27.153847,24.172441,41674600
2016-02-03,27.298077,27.586538,26.798077,27.567308,24.540504,46032000
2016-02-04,27.548077,28.326923,27.394230,28.057692,24.977047,56158200
2016-02-05,28.028847,28.076923,27.211538,27.442308,24.429228,54064000
2016-02-08,27.134615,27.182692,26.692308,27.086538,24.112524,50020200
2016-02-09,26.682692,27.442308,26.682692,27.192308,24.206676,38512800
2016-02-10,27.278847,27.596153,27.163462,27.211538,24.223799,33792300
2016-02-11,26.682692,26.951923,26.057692,26.394230,23.496225,83772000
2016-02-12,26.509615,27.173077,26.307692,27.173077,24.189558,59951400
2016-02-16,27.480770,27.913462,27.326923,27.750000,24.703136,49107500
2016-02-17,28.019230,28.471153,28.000000,28.211538,25.113997,39784900
2016-02-18,28.173077,28.221153,27.875000,27.961538,24.891447,32296400
2016-02-19,27.826923,28.009615,27.576923,27.903847,24.840092,37507700
2016-02-22,27.903847,28.355770,27.903847,28.278847,25.173922,40053600
2016-02-23,28.086538,28.230770,27.961538,28.096153,25.011284,32397200
2016-02-24,27.788462,27.932692,27.307692,27.846153,24.788734,46725600
2016-02-25,27.692308,28.153847,27.673077,28.105770,25.228220,37316500
2016-02-26,28.173077,28.423077,28.163462,28.269230,25.374947,30518900
2016-02-29,28.307692,28.413462,28.000000,28.019230,25.150541,35533000
2016-03-01,28.278847,28.817308,28.182692,28.730770,25.789230,33626000
2016-03-02,28.634615,29.019230,28.615385,29.019230,26.048162,38703800
2016-03-03,29.038462,29.230770,28.903847,29.057692,26.082682,29237400
2016-03-04,29.057692,29.413462,29.057692,29.288462,26.289827,34356200
2016-03-07,29.096153,29.278847,28.971153,29.125000,26.143103,27297000
2016-03-08,28.923077,29.057692,28.817308,28.903847,25.944586,32393800
2016-03-09,29.000000,29.038462,28.817308,28.894230,25.935953,25813700
2016-03-10,29.009615,29.125000,28.644230,28.788462,25.841017,34473800
2016-03-11,28.980770,29.403847,28.980770,29.173077,26.186251,33445900
2016-03-14,29.057692,29.201923,28.923077,29.105770,26.125835,23046700
2016-03-15,28.875000,29.201923,28.875000,29.115385,26.134468,30054900
2016-03-16,29.076923,29.144230,28.913462,29.009615,26.039530,34160800
2016-03-17,29.057692,29.913462,29.019230,29.769230,26.721371,63069000
2016-03-18,29.894230,29.951923,29.711538,29.730770,26.686850,54468800
2016-03-21,29.663462,30.000000,29.605770,29.894230,26.833574,28463000
2016-03-22,29.788462,30.038462,29.778847,29.865385,26.807682,27077400
2016-03-23,29.846153,30.038462,29.817308,29.875000,26.816313,28324500
2016-03-24,29.721153,29.913462,29.634615,29.913462,26.850836,28707100
2016-03-28,29.942308,30.480770,29.903847,30.278847,27.178810,41066200
2016-03-29,30.250000,30.365385,30.076923,30.269230,27.170181,40091700
2016-03-30,30.538462,30.721153,30.509615,30.605770,27.472261,36497700
2016-03-31,30.663462,30.817308,30.538462,30.567308,27.437738,38307600
2016-04-01,30.288462,30.788462,30.240385,30.701923,27.558575,40975500
2016-04-04,30.471153,30.490385,29.894230,30.028847,26.954407,46726100
2016-04-05,29.759615,29.932692,29.596153,29.788462,26.738634,32533300
2016-04-06,29.701923,30.288462,29.461538,29.711538,26.669586,38108900
2016-04-07,29.538462,29.596153,29.336538,29.451923,26.436550,34906000
2016-04-08,29.711538,29.884615,29.509615,29.605770,26.574646,27881200
2016-04-11,29.644230,29.807692,29.528847,29.528847,26.505600,26131500
2016-04-12,29.500000,29.740385,29.403847,29.625000,26.591909,28657500
2016-04-13,29.788462,29.903847,29.750000,29.788462,26.738634,24640400
2016-04-14,29.798077,29.884615,29.673077,29.826923,26.773159,22357200
2016-04-15,29.875000,29.903847,29.740385,29.836538,26.781786,25417700
2016-04-18,29.711538,29.990385,29.711538,29.865385,26.807682,21917300
2016-04-19,29.942308,30.009615,29.817308,29.951923,26.885357,23787200
2016-04-20,30.000000,30.144230,29.855770,29.951923,26.885357,27612900
2016-04-21,29.923077,30.076923,29.663462,29.788462,26.738634,41237400
2016-04-22,29.836538,29.980770,29.144230,29.576923,26.548752,58757400
2016-04-25,29.625000,29.673077,29.230770,29.500000,26.479708,36895500
2016-04-26,29.653847,29.788462,29.557692,29.711538,26.669586,29832200
2016-04-27,29.750000,29.817308,29.634615,29.740385,26.695478,23861600
2016-04-28,29.557692,30.019230,29.519230,29.711538,26.669586,29979800
2016-04-29,29.567308,29.778847,29.423077,29.567308,26.540123,30058700
2016-05-02,29.461538,29.798077,29.451923,29.701923,26.660955,17878700
2016-05-03,29.461538,29.528847,29.182692,29.451923,26.436550,28824100
2016-05-04,29.230770,29.250000,28.740385,28.913462,25.953220,41386300
2016-05-05,28.980770,29.076923,28.653847,28.740385,25.797867,32967100
2016-05-06,28.538462,29.076923,28.278847,28.961538,25.996370,29433400
2016-05-09,28.894230,28.932692,28.490385,28.721153,25.780600,28240400
2016-05-10,28.836538,29.384615,28.826923,29.307692,26.307091,28215600
2016-05-11,29.326923,29.567308,29.173077,29.173077,26.186251,24554900
2016-05-12,28.692308,29.038462,28.692308,28.932692,25.970482,49160300
2016-05-13,28.817308,28.951923,28.403847,28.500000,25.582087,36677500
2016-05-16,28.413462,28.971153,28.384615,28.807692,25.858276,26726200
2016-05-17,28.740385,28.932692,28.442308,28.567308,25.642508,34860900
2016-05-18,28.557692,28.701923,28.298077,28.471153,25.556194,28917700
2016-05-19,28.201923,28.317308,27.942308,28.230770,25.340425,35406500
2016-05-20,28.394230,28.538462,28.298077,28.423077,25.513042,36404600
2016-05-23,28.384615,28.528847,28.278847,28.355770,25.452629,24560000
2016-05-24,28.576923,28.817308,28.548077,28.701923,25.763336,25189100
2016-05-25,28.846153,29.153847,28.807692,28.932692,25.970482,28764600
2016-05-26,28.913462,29.067308,28.846153,28.865385,25.910063,23553200
2016-05-27,28.980770,29.028847,28.884615,28.961538,25.996370,20279000
2016-05-31,28.961538,29.173077,28.913462,29.067308,26.091318,31508100
2016-06-01,28.884615,28.980770,28.740385,28.951923,25.987743,21971700
2016-06-02,28.855770,28.894230,28.701923,28.894230,25.935953,19792500
2016-06-03,28.865385,28.894230,28.663462,28.788462,25.841017,24754600
2016-06-06,28.846153,29.067308,28.798077,28.961538,25.996370,19408500
2016-06-07,28.980770,29.240385,28.971153,28.980770,26.013634,26676900
2016-06-08,29.067308,29.326923,29.000000,29.144230,26.160360,30306900
2016-06-09,29.000000,29.163462,28.865385,29.076923,26.099941,27588200
2016-06-10,28.865385,29.115385,28.778847,28.884615,25.927326,30607200
2016-06-13,28.826923,28.971153,28.644230,28.682692,25.746073,34278400
2016-06-14,28.673077,29.288462,28.644230,29.269230,26.272560,45448500
2016-06-15,29.307692,29.721153,29.298077,29.413462,26.402029,45515800
2016-06-16,28.980770,29.557692,28.923077,29.461538,26.653601,70322800
2016-06-17,29.471153,29.538462,29.278847,29.423077,26.618805,57861300
2016-06-20,29.663462,30.115385,29.644230,29.644230,26.818880,49806700
2016-06-21,29.692308,29.817308,29.682692,29.750000,26.914574,37475600
2016-06-22,29.807692,29.903847,29.586538,29.596153,26.775389,37452200
2016-06-23,29.865385,30.009615,29.778847,29.990385,27.132046,41838100
2016-06-24,28.951923,29.375000,28.605770,28.673077,25.940287,89095900
2016-06-27,28.403847,28.480770,28.048077,28.192308,25.505337,56201700
2016-06-28,28.663462,28.846153,28.528847,28.788462,26.044670,39736800
2016-06-29,29.336538,29.442308,29.134615,29.375000,26.575308,37302900
2016-06-30,29.480770,30.288462,29.471153,30.269230,27.384314,56695000
2016-07-01,30.269230,30.413462,30.115385,30.278847,27.393015,34008300
2016-07-05,30.048077,30.317308,29.923077,30.240385,27.358217,33654900
2016-07-06,30.067308,30.576923,30.067308,30.519230,27.610487,33390100
2016-07-07,30.586538,30.865385,30.519230,30.596153,27.680080,39018600
2016-07-08,30.759615,31.028847,30.759615,30.961538,28.010639,40072900
2016-07-11,31.019230,31.250000,30.942308,30.971153,28.019335,39498200
2016-07-12,31.067308,31.240385,30.894230,31.019230,28.062826,39614600
2016-07-13,31.019230,31.230770,31.009615,31.115385,28.149824,33762900
2016-07-14,31.250000,31.461538,31.240385,31.375000,28.384689,35232900
2016-07-15,31.500000,31.682692,31.480770,31.615385,28.602169,44001100
2016-07-18,31.625000,31.673077,31.403847,31.644230,28.628265,39795700
2016-07-19,31.490385,31.682692,31.461538,31.663462,28.645662,34900000
2016-07-20,31.692308,31.730770,31.442308,31.519230,28.515175,36980100
2016-07-21,31.471153,31.586538,31.240385,31.336538,28.349895,44102600
2016-07-22,30.509615,30.836538,30.471153,30.826923,27.888857,60074300
2016-07-25,30.836538,30.846153,30.173077,30.423077,27.523497,47557800
2016-07-26,30.451923,30.509615,30.105770,30.259615,27.375610,38380000
2016-07-27,30.278847,30.346153,29.923077,30.076923,27.210333,40826700
2016-07-28,30.000000,30.105770,29.884615,30.048077,27.184237,31509400
2016-07-29,30.076923,30.221153,29.913462,29.942308,27.088551,52054200
2016-08-01,29.923077,30.019230,29.826923,29.951923,27.097244,32401000
2016-08-02,29.913462,29.961538,29.807692,29.855770,27.010260,28080600
2016-08-03,29.836538,30.038462,29.836538,29.932692,27.079849,20806200
2016-08-04,30.000000,30.048077,29.894230,29.971153,27.114645,21105400
2016-08-05,30.067308,30.240385,30.019230,30.076923,27.210333,22440300
2016-08-08,30.096153,30.192308,30.009615,30.067308,27.201637,21251400
2016-08-09,30.028847,30.144230,29.951923,30.096153,27.227732,20913100
2016-08-10,30.048077,30.134615,30.000000,30.067308,27.201637,19279600
2016-08-11,30.105770,30.163462,30.000000,30.086538,27.219032,39505600
2016-08-12,30.000000,30.076923,29.980770,30.038462,27.175537,22180000
2016-08-15,30.096153,30.144230,30.019230,30.038462,27.175537,20335400
2016-08-16,29.942308,30.086538,29.884615,29.990385,27.132046,23278900
2016-08-17,30.057692,30.125000,29.980770,30.086538,27.219032,18302000
2016-08-18,30.048077,30.221153,29.990385,30.221153,27.340818,29162800
2016-08-19,30.115385,30.192308,29.980770,30.048077,27.184237,25732500
2016-08-22,29.971153,30.221153,29.884615,30.115385,27.245129,21278900
2016-08-23,30.240385,30.355770,30.028847,30.028847,27.166840,33401300
2016-08-24,30.067308,30.144230,29.971153,30.019230,27.158140,22926900
2016-08-25,29.990385,30.096153,29.932692,30.009615,27.149441,17709000
2016-08-26,30.067308,30.250000,29.942308,30.028847,27.166840,23156200
2016-08-29,29.980770,30.240385,29.971153,30.153847,27.279924,22098800
2016-08-30,30.134615,30.259615,30.096153,30.163462,27.288626,18863400
2016-08-31,30.086538,30.144230,29.990385,30.038462,27.175537,34752900
2016-09-01,29.951923,30.086538,29.769230,30.000000,27.140741,42905800
2016-09-02,30.048077,30.240385,30.028847,30.086538,27.219032,21639800
2016-09-06,30.105770,30.134615,29.615385,29.855770,27.010260,42593900
2016-09-07,29.798077,29.865385,29.615385,29.865385,27.018955,28357500
2016-09-08,29.807692,29.855770,29.711538,29.846153,27.001558,31466400
2016-09-09,29.634615,29.634615,28.951923,28.951923,26.192556,46404400
2016-09-12,28.846153,29.394230,28.692308,29.317308,26.523117,43063500
2016-09-13,29.057692,29.086538,28.576923,28.701923,25.966381,46868800
2016-09-14,28.663462,28.846153,28.528847,28.557692,25.835899,53120700
2016-09-15,28.413462,28.701923,28.288462,28.605770,26.089516,36503800
2016-09-16,28.490385,28.605770,28.403847,28.538462,26.028128,67532000
2016-09-19,28.634615,28.807692,28.269230,28.298077,25.808887,31721300
2016-09-20,28.528847,28.653847,28.480770,28.528847,26.019360,30832300
2016-09-21,28.605770,28.769230,28.451923,28.701923,26.177212,30192800
2016-09-22,28.807692,28.951923,28.778847,28.884615,26.343834,30555000
2016-09-23,28.865385,28.894230,28.663462,28.740385,26.212294,23734500
2016-09-26,28.653847,28.663462,28.384615,28.403847,25.905354,26942000
2016-09-27,28.461538,28.817308,28.336538,28.730770,26.203518,26511500
2016-09-28,28.769230,28.788462,28.461538,28.750000,26.221064,27820600
2016-09-29,28.663462,28.942308,28.307692,28.394230,25.896582,40428600
2016-09-30,28.461538,28.701923,28.442308,28.480770,25.975510,37564800
2016-10-03,28.326923,28.557692,28.269230,28.500000,25.993050,20585800
2016-10-04,28.567308,28.605770,28.317308,28.365385,25.870275,32372800
2016-10-05,28.384615,28.557692,28.269230,28.365385,25.870275,25934300
2016-10-06,28.269230,28.365385,28.019230,28.144230,25.668573,29211400
2016-10-07,27.942308,28.086538,27.807692,27.961538,25.501951,39353700
2016-10-10,27.884615,28.182692,27.701923,27.750000,25.309025,35341100
2016-10-11,27.644230,27.913462,27.586538,27.807692,25.361643,32179800
2016-10-12,27.807692,27.903847,27.701923,27.788462,25.344103,23664800
2016-10-13,27.673077,27.788462,27.557692,27.663462,25.230091,29528300
2016-10-14,27.846153,27.913462,27.711538,27.778847,25.335329,29308600
2016-10-17,27.788462,27.875000,27.596153,27.740385,25.300253,41321900
2016-10-18,27.913462,27.961538,27.788462,27.865385,25.414257,28664800
2016-10-19,27.942308,28.096153,27.913462,27.942308,25.484417,30355500
2016-10-20,27.980770,28.076923,27.846153,27.951923,25.493185,29570600
2016-10-21,27.346153,27.884615,27.240385,27.865385,25.414257,66719300
2016-10-24,27.884615,28.086538,27.788462,27.807692,25.361643,32385200
2016-10-25,27.826923,27.894230,27.519230,27.548077,25.124863,27539900
2016-10-26,27.490385,27.951923,27.451923,27.759615,25.317789,25331400
2016-10-27,27.778847,27.846153,27.509615,27.528847,25.107325,26450200
2016-10-28,27.769230,28.451923,27.759615,28.096153,25.624727,70585600
2016-10-31,28.346153,28.509615,27.971153,27.980770,25.519495,45306200
2016-11-01,27.884615,28.076923,27.605770,27.769230,25.326565,33291200
2016-11-02,27.750000,27.750000,27.307692,27.394230,24.984550,32108200
2016-11-03,27.500000,27.500000,27.105770,27.192308,24.800385,23920700
2016-11-04,27.134615,27.701923,27.134615,27.346153,24.940697,37299400
2016-11-07,27.740385,28.201923,27.721153,28.182692,25.703657,42904300
2016-11-08,28.240385,28.480770,28.163462,28.288462,25.800119,37262500
2016-11-09,28.192308,28.663462,27.951923,28.490385,25.984285,56208300
2016-11-10,28.701923,29.653847,28.682692,29.240385,26.668310,84577700
2016-11-11,29.317308,29.586538,29.201923,29.528847,26.931400,44420800
2016-11-14,29.557692,29.663462,29.317308,29.336538,26.756004,39250100
2016-11-15,29.307692,29.586538,29.076923,29.567308,26.966475,41793400
2016-11-16,29.471153,29.596153,29.365385,29.557692,26.957706,26276400
2016-11-17,29.519230,29.682692,29.480770,29.605770,27.001551,18547400
2016-11-18,29.567308,29.711538,29.346153,29.490385,26.896318,29727200
2016-11-21,29.509615,29.692308,29.403847,29.682692,27.071709,23021700
2016-11-22,29.740385,30.038462,29.692308,29.980770,27.343563,28830100
2016-11-23,30.038462,30.173077,29.980770,30.134615,27.483881,25244000
2016-11-25,30.240385,30.278847,30.086538,30.230770,27.571577,13687900
2016-11-28,30.125000,30.221153,30.009615,30.048077,27.404955,22976400
2016-11-29,30.076923,30.144230,29.788462,29.855770,27.229563,32680600
2016-11-30,29.980770,30.067308,29.567308,29.576923,26.975246,47462300
2016-12-01,29.461538,30.250000,29.442308,30.182692,27.527727,46490000
2016-12-02,30.153847,30.278847,30.057692,30.134615,27.483881,22257000
2016-12-05,30.221153,30.240385,29.865385,29.913462,27.282177,23023800
2016-12-06,29.990385,30.038462,29.817308,29.971153,27.334799,18276200
2016-12-07,29.817308,30.384615,29.740385,30.384615,27.711889,34212800
2016-12-08,30.384615,30.480770,30.192308,30.317308,27.650505,29270900
2016-12-09,30.240385,30.692308,30.144230,30.557692,27.869741,32476400
2016-12-12,30.451923,30.759615,30.442308,30.634615,27.939899,32282300
2016-12-13,30.673077,30.769230,30.394230,30.519230,27.834663,35880400
2016-12-14,30.394230,30.750000,30.230770,30.288462,27.624193,45422300
2016-12-15,30.278847,30.721153,29.932692,30.057692,27.413725,45112400
2016-12-16,30.307692,30.644230,30.250000,30.528847,27.843431,74855200
2016-12-19,30.538462,30.769230,30.490385,30.692308,27.992519,36349800
2016-12-20,30.692308,31.134615,30.682692,31.009615,28.281912,41410900
2016-12-21,30.961538,31.000000,30.817308,30.894230,28.176676,29083200
2016-12-22,30.682692,30.721153,30.557692,30.596153,28.123295,25161500
2016-12-23,30.644230,30.711538,30.548077,30.653847,28.176327,15588100
2016-12-27,30.663462,30.817308,30.625000,30.673077,28.194002,16282100
2016-12-28,30.615385,30.740385,30.451923,30.480770,28.017237,19641100
2016-12-29,30.519230,30.653847,30.480770,30.490385,28.026070,16735700
2016-12-30,30.413462,30.576923,30.298077,30.384615,27.928852,26473400
2017-01-03,30.451923,30.615385,30.192308,30.471153,28.008398,33435400
2017-01-04,30.528847,30.605770,30.403847,30.480770,28.017237,22300600
2017-01-05,30.355770,30.528847,30.105770,30.307692,27.858147,26891000
2017-01-06,30.365385,30.548077,30.153847,30.394230,27.937689,23005600
2017-01-09,30.423077,30.442308,30.221153,30.250000,27.805117,22113000
2017-01-10,30.250000,30.403847,30.163462,30.163462,27.725576,28290600
2017-01-11,30.038462,30.307692,30.038462,30.259615,27.813955,29520500
2017-01-12,30.240385,30.259615,29.932692,30.182692,27.743252,31112700
2017-01-13,30.153847,30.240385,30.048077,30.153847,27.716740,25296700
2017-01-17,29.971153,30.240385,29.961538,30.067308,27.637192,29980300
2017-01-18,30.009615,30.134615,29.932692,30.028847,27.601837,25689400
2017-01-19,30.048077,30.134615,29.855770,30.009615,27.584160,39205800
2017-01-20,29.576923,29.711538,29.134615,29.355770,26.983162,86894800
2017-01-23,29.326923,29.336538,28.442308,28.605770,26.293777,61457100
2017-01-24,28.711538,28.903847,28.673077,28.846153,26.514730,35033900
2017-01-25,29.250000,29.298077,29.057692,29.201923,26.841747,39656900
2017-01-26,29.269230,29.317308,28.971153,29.153847,26.797558,27837700
2017-01-27,29.230770,29.269230,28.788462,28.855770,26.523575,31205800
2017-01-30,28.807692,28.942308,28.625000,28.807692,26.479383,27260200
2017-01-31,28.701923,28.750000,28.365385,28.557692,26.249582,40251500
2017-02-01,28.586538,28.663462,28.423077,28.548077,26.240749,26709500
2017-02-02,28.442308,28.567308,28.365385,28.538462,26.231907,22577800
2017-02-03,28.644230,28.653847,28.403847,28.557692,26.249582,32348400
2017-02-06,28.538462,28.605770,28.432692,28.519230,26.214233,24674100
2017-02-07,28.605770,28.663462,28.394230,28.423077,26.125851,24729400
2017-02-08,28.375000,28.403847,28.134615,28.298077,26.010954,33468600
2017-02-09,28.384615,28.557692,28.326923,28.451923,26.152367,22532600
2017-02-10,28.596153,28.605770,28.413462,28.576923,26.267265,23698500
2017-02-13,28.730770,28.903847,28.586538,28.884615,26.550087,38500800
2017-02-14,28.971153,29.115385,28.769230,29.115385,26.762201,36429400
2017-02-15,29.125000,29.182692,29.019230,29.182692,26.824068,26491100
2017-02-16,29.182692,29.298077,29.134615,29.278847,26.912457,26969800
2017-02-17,29.240385,29.269230,29.038462,29.201923,26.841747,22723300
2017-02-21,29.240385,29.413462,29.173077,29.346153,26.974321,31450600
2017-02-22,29.346153,29.375000,29.096153,29.163462,26.806395,31329400
2017-02-23,28.884615,28.923077,28.701923,28.865385,26.752571,30105800
2017-02-24,28.692308,29.028847,28.634615,29.028847,26.904068,28416600
2017-02-27,28.894230,28.990385,28.750000,28.788462,26.681276,24514600
2017-02-28,28.836538,28.923077,28.528847,28.663462,26.565426,40676300
2017-03-01,28.826923,29.182692,28.673077,29.028847,26.904068,38358300
2017-03-02,29.067308,29.067308,28.846153,29.028847,26.904068,28746000
2017-03-03,29.028847,29.057692,28.894230,28.961538,26.841686,20755200
2017-03-06,28.846153,28.923077,28.769230,28.846153,26.734745,24357400
2017-03-07,28.778847,28.836538,28.644230,28.711538,26.609983,31182200
2017-03-08,28.740385,28.788462,28.586538,28.653847,26.556517,33600700
2017-03-09,28.605770,28.682692,28.423077,28.519230,26.431753,26977800
2017-03-10,28.692308,29.259615,28.490385,29.115385,26.984270,61580300
2017-03-13,29.067308,29.096153,28.644230,28.711538,26.609983,31395300
2017-03-14,28.615385,28.644230,28.336538,28.403847,26.324816,23713600
2017-03-15,28.413462,28.682692,28.336538,28.615385,26.520872,26148500
2017-03-16,28.653847,28.673077,28.480770,28.605770,26.511957,22055200
2017-03-17,28.701923,28.884615,28.625000,28.730770,26.627811,45384500
2017-03-20,28.750000,28.769230,28.548077,28.596153,26.503046,19632400
2017-03-21,28.711538,28.711538,28.211538,28.259615,26.191143,27908100
2017-03-22,28.423077,28.567308,28.182692,28.394230,26.315897,27040700
2017-03-23,28.365385,28.586538,28.250000,28.480770,26.396107,25662000
2017-03-24,28.451923,28.663462,28.394230,28.576923,26.485224,28995400
2017-03-27,28.317308,28.375000,28.125000,28.307692,26.235699,30146100
2017-03-28,28.182692,28.586538,28.125000,28.480770,26.396107,28961600
2017-03-29,28.384615,28.567308,28.326923,28.538462,26.449575,28661100
2017-03-30,28.519230,28.836538,28.490385,28.721153,26.618896,37399700
2017-03-31,28.711538,28.884615,28.596153,28.653847,26.556517,52828300
2017-04-03,28.615385,28.846153,28.605770,28.730770,26.627811,31108700
2017-04-04,28.750000,28.932692,28.557692,28.865385,26.752571,26059400
2017-04-05,28.932692,29.250000,28.798077,28.817308,26.708015,26871000
2017-04-06,28.846153,29.019230,28.769230,28.778847,26.672367,22412000
2017-04-07,28.769230,29.028847,28.769230,28.836538,26.725838,19734700
2017-04-10,28.913462,29.067308,28.807692,28.855770,26.743660,19245400
2017-04-11,28.846153,28.942308,28.692308,28.884615,26.770393,22921800
2017-04-12,28.730770,28.750000,28.509615,28.625000,26.529783,28122900
2017-04-13,28.557692,28.653847,28.413462,28.423077,26.342638,20797900
2017-04-17,28.480770,28.557692,28.413462,28.500000,26.413931,22647600
2017-04-18,28.461538,28.750000,28.442308,28.692308,26.592163,26734800
2017-04-19,28.740385,28.903847,28.721153,28.846153,26.734745,27658100
2017-04-20,28.894230,29.365385,28.875000,29.105770,26.975359,38564800
2017-04-21,29.105770,29.211538,28.317308,28.413462,26.333727,75245400
2017-04-24,28.701923,28.778847,28.355770,28.413462,26.333727,50528600
2017-04-25,28.317308,28.461538,28.192308,28.317308,26.244612,41448200
2017-04-26,28.384615,28.413462,28.134615,28.134615,26.075291,38863100
2017-04-27,28.163462,28.182692,27.903847,27.961538,25.914885,34257300
2017-04-28,27.980770,28.038462,27.817308,27.875000,25.834677,25042300
2017-05-01,27.894230,28.048077,27.817308,27.826923,25.790119,24976400
2017-05-02,27.894230,27.932692,27.798077,27.875000,25.834677,35110400
2017-05-03,27.807692,28.163462,27.740385,28.105770,26.048555,27969000
2017-05-04,28.144230,28.182692,27.932692,28.076923,26.021818,20398700
2017-05-05,28.009615,28.115385,27.990385,28.096153,26.039646,17604100
2017-05-08,28.038462,28.125000,27.884615,27.951923,25.905972,22495500
2017-05-09,27.961538,27.971153,27.750000,27.817308,25.781210,24792200
2017-05-10,27.807692,27.817308,27.500000,27.596153,25.576242,27089000
2017-05-11,27.576923,27.778847,27.403847,27.759615,25.727739,29136000
2017-05-12,27.269230,27.355770,26.778847,27.182692,25.193047,71170500
2017-05-15,26.990385,27.153847,26.894230,27.096153,25.112841,41358200
2017-05-16,27.163462,27.192308,26.923077,26.961538,24.988075,30689500
2017-05-17,26.750000,27.673077,26.355770,26.355770,24.426647,54560200
2017-05-18,26.211538,26.586538,26.057692,26.423077,24.489031,50385500
2017-05-19,26.490385,27.086538,26.442308,26.971153,24.996988,50428200
2017-05-22,27.144230,27.211538,26.980770,27.096153,25.112841,28923100
2017-05-23,27.125000,27.192308,27.028847,27.192308,25.201956,24832100
2017-05-24,27.230770,27.403847,26.557692,26.759615,24.800936,55847200
2017-05-25,26.721153,26.826923,26.365385,26.432692,24.497940,40824500
2017-05-26,26.403847,26.490385,26.240385,26.394230,24.462296,31848900
2017-05-30,26.259615,26.394230,26.115385,26.307692,24.382092,37893100
2017-05-31,26.278847,26.384615,26.144230,26.326923,24.399916,37034900
2017-06-01,26.451923,26.807692,26.442308,26.653847,24.702908,33683200
2017-06-02,26.798077,26.865385,26.557692,26.807692,24.845493,38487900
2017-06-05,26.826923,26.990385,26.740385,26.903847,24.934608,45249800
2017-06-06,26.903847,26.961538,26.740385,26.855770,24.890051,35070000
2017-06-07,26.875000,26.884615,26.346153,26.615385,24.667263,45280600
2017-06-08,26.615385,26.750000,26.471153,26.528847,24.587057,42556500
2017-06-09,26.567308,26.894230,26.528847,26.865385,24.898966,26377300
2017-06-12,28.115385,28.336538,27.625000,27.826923,25.790119,144653000
2017-06-13,28.000000,28.038462,27.250000,27.355770,25.353451,61176600
2017-06-14,27.384615,27.692308,27.278847,27.586538,25.567331,42765100
2017-06-15,27.384615,27.836538,27.336538,27.826923,26.016464,49782800
2017-06-16,27.865385,27.894230,27.519230,27.884615,26.297205,84828200
2017-06-19,27.846153,27.884615,27.634615,27.692308,26.115845,31724800
2017-06-20,27.605770,27.615385,27.000000,27.048077,25.508287,49444600
2017-06-21,27.096153,27.105770,26.586538,26.711538,25.190910,35108400
2017-06-22,26.701923,26.759615,26.480770,26.490385,24.982344,37839900
2017-06-23,26.721153,26.721153,26.442308,26.509615,25.000483,33005900
2017-06-26,26.528847,26.615385,26.442308,26.548077,25.036753,29641600
2017-06-27,26.461538,26.528847,26.153847,26.163462,24.674034,42982500
2017-06-28,26.211538,26.346153,26.009615,26.038462,24.556150,32256400
2017-06-29,26.115385,26.355770,25.759615,25.980770,24.501743,38201300
2017-06-30,26.048077,26.144230,25.875000,25.971153,24.492670,27304300
2017-07-03,26.115385,26.528847,26.019230,26.394230,24.891665,21491600
2017-07-05,26.480770,26.500000,26.182692,26.298077,24.800982,22121000
2017-07-06,25.826923,26.009615,25.096153,25.298077,23.857912,79711700
2017-07-07,25.240385,25.288462,24.980770,25.144230,23.712822,42164800
2017-07-10,25.125000,25.182692,24.855770,25.038462,23.613077,48625400
2017-07-11,25.028847,25.432692,24.913462,25.365385,23.921391,42901600
2017-07-12,25.519230,25.778847,25.355770,25.557692,24.102747,53025700
2017-07-13,25.557692,25.798077,25.480770,25.759615,24.293179,28878300
2017-07-14,25.711538,25.865385,25.701923,25.750000,24.284107,21900600
2017-07-17,25.730770,25.846153,25.692308,25.788462,24.320379,28803400
2017-07-18,25.730770,25.884615,25.711538,25.855770,24.383858,27191900
2017-07-19,25.817308,25.990385,25.807692,25.903847,24.429201,25784000
2017-07-20,25.980770,26.009615,25.576923,25.663462,24.202499,57364400
2017-07-21,24.403847,25.009615,24.288462,24.913462,23.495192,94275800
2017-07-24,24.788462,24.855770,24.375000,24.451923,23.059929,59147100
2017-07-25,24.586538,24.740385,24.384615,24.461538,23.068996,48028700
2017-07-26,24.605770,24.701923,24.394230,24.605770,23.205019,42362700
2017-07-27,24.605770,24.807692,24.538462,24.798077,23.386377,41483500
2017-07-28,24.865385,24.884615,24.423077,24.548077,23.150608,29418200
2017-07-31,24.557692,24.701923,24.509615,24.625000,23.223152,31840900
2017-08-01,24.644230,24.673077,24.355770,24.461538,23.068996,43587700
2017-08-02,24.461538,24.586538,24.413462,24.538462,23.141542,28482400
2017-08-03,24.605770,24.788462,24.394230,24.769230,23.359173,32153300
2017-08-04,24.759615,24.855770,24.634615,24.788462,23.377308,24245500
2017-08-07,24.750000,24.798077,24.567308,24.644230,23.241291,19625200
2017-08-08,24.644230,24.894230,24.538462,24.576923,23.177813,28229300
2017-08-09,24.567308,24.730770,24.480770,24.721153,23.313831,30857800
2017-08-10,24.721153,24.721153,24.298077,24.326923,22.942045,30866000
2017-08-11,24.423077,24.471153,24.221153,24.230770,22.851368,19985900
2017-08-14,24.307692,24.567308,24.278847,24.384615,22.996454,25263700
2017-08-15,24.240385,24.346153,24.134615,24.173077,22.796955,28428200
2017-08-16,24.153847,24.278847,24.086538,24.134615,22.760683,28572700
2017-08-17,24.105770,24.134615,23.769230,23.798077,22.443306,32470500
2017-08-18,23.682692,23.788462,23.500000,23.605770,22.261946,35644000
2017-08-21,23.548077,23.653847,23.384615,23.548077,22.207535,47897200
2017-08-22,23.625000,23.788462,23.538462,23.653847,22.307287,31167800
2017-08-23,23.576923,23.615385,23.403847,23.451923,22.116854,35914900
2017-08-24,23.490385,23.596153,23.365385,23.365385,22.035244,26569800
2017-08-25,23.451923,23.653847,23.413462,23.548077,22.207535,23782500
2017-08-28,23.586538,23.721153,23.413462,23.528847,22.189402,24895100
2017-08-29,23.394230,23.519230,23.346153,23.500000,22.162193,24866500
2017-08-30,23.548077,23.548077,23.221153,23.346153,22.017105,35231000
2017-08-31,23.471153,23.750000,23.346153,23.605770,22.261946,57495600
2017-09-01,23.653847,24.326923,23.548077,24.173077,22.796955,61202000
2017-09-05,24.096153,24.096153,23.625000,23.798077,22.443306,46319900
2017-09-06,23.932692,24.057692,23.865385,23.961538,22.597460,57226000
2017-09-07,23.567308,23.605770,22.913462,23.096153,21.781340,83312900
2017-09-08,23.028847,23.076923,22.673077,22.903847,21.599981,46388600
2017-09-11,22.884615,22.971153,22.711538,22.807692,21.509302,45038800
2017-09-12,22.903847,22.990385,22.798077,22.990385,21.681591,51649100
2017-09-13,23.009615,23.250000,23.000000,23.182692,21.862951,40174800
2017-09-14,23.173077,23.336538,23.019230,23.326923,21.998976,43767800
2017-09-15,23.173077,23.240385,22.836538,23.009615,21.925308,69222400
2017-09-18,23.038462,23.605770,23.009615,23.519230,22.410906,54604600
2017-09-19,23.519230,23.528847,23.096153,23.269230,22.172688,47154100
2017-09-20,23.269230,23.471153,23.259615,23.384615,22.282635,41361100
2017-09-21,23.394230,23.884615,23.240385,23.798077,22.676617,54200100
2017-09-22,23.884615,24.076923,23.817308,23.913462,22.786560,41306200
2017-09-25,23.961538,24.211538,23.894230,24.144230,23.006456,44187500
2017-09-26,24.182692,24.240385,23.961538,23.971153,22.841534,42383300
2017-09-27,24.038462,24.086538,23.346153,23.432692,22.328447,58748500
2017-09-28,23.451923,23.509615,23.230770,23.307692,22.209333,37600500
2017-09-29,23.288462,23.355770,23.086538,23.250000,22.154364,35020600
2017-10-02,23.288462,23.663462,23.173077,23.625000,22.511696,44201200
2017-10-03,23.663462,23.875000,23.394230,23.846153,22.722427,35263800
2017-10-04,23.923077,23.932692,23.490385,23.538462,22.429232,33435300
2017-10-05,23.451923,23.625000,23.221153,23.596153,22.484207,36149200
2017-10-06,23.471153,23.596153,23.201923,23.451923,22.346773,42358900
2017-10-09,23.173077,23.221153,22.355770,22.528847,21.467196,145914900
2017-10-10,22.788462,22.942308,22.423077,22.461538,21.403059,83793900
2017-10-11,22.240385,22.375000,22.019230,22.182692,21.137352,84419800
2017-10-12,22.163462,22.201923,21.951923,22.163462,21.119026,62346600
2017-10-13,22.259615,22.336538,22.076923,22.096153,21.054892,42007400
2017-10-16,22.105770,22.576923,22.048077,22.461538,21.403059,51748100
2017-10-17,22.326923,22.355770,22.115385,22.298077,21.247299,60984600
2017-10-18,22.307692,22.384615,22.182692,22.230770,21.183163,36369500
2017-10-19,22.250000,22.865385,22.163462,22.673077,21.604626,78597000
2017-10-20,21.288462,22.923077,21.250000,22.913462,21.833687,200100500
2017-10-23,22.538462,22.538462,21.326923,21.461538,20.450182,194834500
2017-10-24,21.269230,21.451923,20.913462,21.048077,20.056202,138960500
2017-10-25,21.000000,21.048077,20.480770,20.673077,19.698875,114938900
2017-10-26,20.740385,20.817308,20.384615,20.500000,19.533957,89735000
2017-10-27,20.442308,20.480770,19.846153,19.990385,19.048359,102475900
2017-10-30,19.826923,19.923077,19.480770,19.625000,18.700188,102320900
2017-10-31,19.480770,19.615385,19.278847,19.384615,18.471134,101927300
2017-11-01,19.298077,19.730770,19.192308,19.250000,18.342861,95382900
2017-11-02,19.278847,19.307692,18.875000,19.173077,18.269562,84792900
2017-11-03,19.153847,19.548077,19.096153,19.365385,18.452812,70575400
2017-11-06,19.730770,19.740385,19.307692,19.355770,18.443647,63106600
2017-11-07,19.394230,19.471153,19.346153,19.432692,18.516943,43327600
2017-11-08,19.432692,19.538462,19.298077,19.346153,18.434483,41269800
2017-11-09,19.269230,19.298077,19.086538,19.221153,18.315371,52884500
2017-11-10,19.211538,19.884615,19.134615,19.701923,18.773487,104762200
2017-11-13,19.480770,19.951923,18.028847,18.288462,17.426636,272019600
2017-11-14,18.067308,18.153847,16.788462,17.211538,16.400457,325059000
2017-11-15,16.836538,17.673077,16.826923,17.557692,16.730301,150142700
2017-11-16,17.769230,17.769230,17.355770,17.548077,16.721140,92951600
2017-11-17,17.634615,17.759615,17.509615,17.509615,16.684490,62875400
2017-11-20,17.259615,17.432692,17.144230,17.288462,16.473759,66491400
2017-11-21,17.259615,17.375000,17.019230,17.144230,16.336325,81035600
2017-11-22,17.451923,17.548077,17.153847,17.451923,16.629517,57040600
2017-11-24,17.673077,17.673077,17.451923,17.490385,16.666166,25893600
2017-11-27,17.634615,17.788462,17.394230,17.423077,16.602028,82006400
2017-11-28,17.471153,17.730770,17.365385,17.701923,16.867735,58360000
2017-11-29,17.740385,17.826923,17.605770,17.769230,16.931870,57365800
2017-11-30,17.846153,17.875000,17.480770,17.586538,16.757788,70777600
2017-12-01,17.576923,17.576923,17.173077,17.192308,16.382137,85308700
2017-12-04,17.307692,17.365385,17.192308,17.259615,16.446274,71081800
2017-12-05,17.096153,17.317308,16.990385,17.076923,16.272186,68447400
2017-12-06,16.932692,17.153847,16.923077,16.980770,16.295073,45670100
2017-12-07,17.125000,17.365385,16.951923,17.028847,16.341208,57808000
2017-12-08,17.038462,17.134615,16.980770,17.028847,16.341208,56621200
2017-12-11,16.932692,17.105770,16.855770,16.971153,16.285845,60498000
2017-12-12,17.259615,17.346153,16.971153,17.221153,16.525747,69505600
2017-12-13,17.230770,17.298077,17.076923,17.076923,16.387344,43788600
2017-12-14,17.086538,17.134615,16.961538,16.961538,16.276615,50487600
2017-12-15,17.096153,17.144230,16.980770,17.134615,16.442705,91917100
2017-12-18,17.182692,17.355770,17.067308,17.076923,16.387344,56069900
2017-12-19,17.086538,17.115385,16.875000,16.913462,16.230480,68115900
2017-12-20,16.951923,16.971153,16.692308,16.778847,16.101303,78379600
2017-12-21,16.788462,17.009615,16.769230,16.798077,16.119757,70592800
2017-12-22,16.836538,16.884615,16.730770,16.826923,16.147438,48225200
2017-12-26,16.778847,16.980770,16.730770,16.759615,16.198366,57551400
2017-12-27,16.788462,16.951923,16.644230,16.711538,16.151896,62531700
2017-12-28,16.682692,16.730770,16.586538,16.692308,16.133314,63372200
2017-12-29,16.605770,16.855770,16.605770,16.778847,16.216951,79195400
2018-01-02,16.903847,17.298077,16.855770,17.288462,16.709501,80673100
2018-01-03,17.596153,17.634615,17.336538,17.451923,16.867491,84731100
2018-01-04,17.673077,17.903847,17.596153,17.817308,17.220642,85856600
2018-01-05,18.134615,18.144230,17.788462,17.826923,17.229935,83074800
2018-01-08,17.951923,17.980770,17.403847,17.576923,16.988306,85381500
2018-01-09,17.625000,17.942308,17.413462,17.846153,17.248518,69056200
2018-01-10,17.875000,18.326923,17.865385,18.201923,17.592373,85615000
2018-01-11,18.490385,18.644230,18.269230,18.288462,17.676014,103714600
2018-01-12,18.384615,18.413462,17.980770,18.038462,17.434385,90559700
2018-01-16,17.615385,17.798077,17.269230,17.509615,16.923248,213883200
2018-01-17,16.971153,17.019230,16.596153,16.682692,16.124018,195038600
2018-01-18,16.730770,16.807692,16.115385,16.125000,15.585006,179153900
2018-01-19,16.009615,16.086538,15.403846,15.634615,15.111039,223545000
2018-01-22,15.288462,15.701923,15.192307,15.548077,15.027401,139580700
2018-01-23,15.673077,16.375000,15.644231,16.240385,15.696524,128165900
2018-01-24,16.346153,16.692308,15.625000,15.807693,15.278322,173698400
2018-01-25,15.865385,15.980769,15.509615,15.557693,15.036693,98859300
2018-01-26,15.509615,15.538462,15.317307,15.509615,14.990225,94524100
2018-01-29,15.403846,15.798077,15.355769,15.653846,15.129626,77099800
2018-01-30,15.480769,15.644231,15.336538,15.336538,14.822946,70984300
2018-01-31,15.442307,15.644231,15.375000,15.548077,15.027401,79839900
2018-02-01,15.442307,15.490385,15.307693,15.403846,14.887997,54936900
2018-02-02,15.278846,15.317307,15.000000,15.038462,14.534850,85586500
2018-02-05,14.884615,15.028846,14.336538,14.336538,13.856433,128171200
2018-02-06,14.250000,14.750000,14.144231,14.682693,14.190996,131892600
2018-02-07,14.721154,14.923077,14.663462,14.663462,14.172408,79047400
2018-02-08,14.605769,14.625000,13.894231,13.894231,13.428939,144181500
2018-02-09,14.125000,14.451923,13.682693,14.365385,13.884315,134218000
2018-02-12,14.480769,14.557693,14.211538,14.250000,13.772794,78605600
2018-02-13,14.173077,14.221154,13.971154,14.105769,13.633392,76648300
2018-02-14,14.125000,14.451923,14.076923,14.326923,13.847139,89348400
2018-02-15,14.355769,14.557693,14.201923,14.278846,13.800673,57080400
2018-02-16,14.278846,14.644231,14.240385,14.471154,13.986541,67313700
2018-02-20,14.346154,14.394231,14.057693,14.173077,13.698445,64132300
2018-02-21,14.144231,14.163462,13.894231,13.932693,13.466113,102035900
2018-02-22,13.971154,14.490385,13.932693,14.057693,13.586926,81637000
2018-02-23,13.971154,14.105769,13.932693,13.932693,13.582053,55029100
2018-02-26,13.836538,14.115385,13.413462,14.086538,13.732024,151029400
2018-02-27,14.105769,14.596154,13.942307,13.942307,13.591425,96744900
2018-02-28,14.038462,14.057693,13.548077,13.567307,13.225863,92158600
2018-03-01,13.615385,13.711538,13.413462,13.480769,13.141501,95550700
2018-03-02,13.451923,13.692307,13.432693,13.576923,13.235236,77614700
2018-03-05,13.634615,14.086538,13.576923,13.865385,13.516438,90947400
2018-03-06,14.038462,14.105769,13.951923,14.076923,13.722652,60431100
2018-03-07,13.923077,14.028846,13.634615,13.951923,13.600799,86319100
2018-03-08,13.942307,14.076923,13.855769,13.961538,13.610171,51579000
2018-03-09,14.057693,14.375000,13.951923,14.365385,14.003856,66722400
2018-03-12,14.442307,14.740385,14.384615,14.519231,14.153829,73035600
2018-03-13,14.125000,14.173077,13.788462,13.875000,13.525811,123467100
2018-03-14,13.903846,14.028846,13.692307,13.721154,13.375838,59349500
2018-03-15,13.759615,13.990385,13.711538,13.807693,13.460198,49321800
2018-03-16,13.788462,13.865385,13.634615,13.759615,13.413330,119068500
2018-03-19,13.711538,13.730769,13.461538,13.528846,13.188369,68831500
2018-03-20,13.557693,13.567307,13.096154,13.115385,12.785314,92478300
2018-03-21,13.134615,13.423077,13.048077,13.346154,13.010275,67748300
2018-03-22,13.221154,13.259615,12.807693,12.836538,12.513484,74076700
2018-03-23,12.884615,12.932693,12.519231,12.567307,12.251030,87403900
2018-03-26,12.721154,12.730769,12.240385,12.394231,12.082308,109653100
2018-03-27,12.423077,13.192307,12.326923,12.923077,12.597845,161167300
2018-03-28,13.000000,13.413462,12.586538,13.153846,12.822807,144668800
2018-03-29,13.057693,13.134615,12.836538,12.961538,12.635339,77494800
2018-04-02,12.932693,13.019231,12.461538,12.615385,12.297898,74970400
2018-04-03,12.615385,12.634615,12.307693,12.625000,12.307269,62176500
2018-04-04,12.326923,12.788462,12.298077,12.769231,12.447871,59459200
2018-04-05,12.778846,13.038462,12.663462,12.913462,12.588471,55667200
2018-04-06,12.807693,12.951923,12.432693,12.557693,12.241656,66004500
2018-04-09,12.596154,12.653846,12.326923,12.336538,12.026068,71065900
2018-04-10,12.509615,12.634615,12.451923,12.548077,12.232282,59724800
2018-04-11,12.413462,12.576923,12.355769,12.471154,12.157296,52228800
2018-04-12,12.528846,12.740385,12.471154,12.673077,12.354137,66176400
2018-04-13,12.894231,13.153846,12.846154,12.971154,12.644713,74015200
2018-04-16,12.980769,13.057693,12.721154,12.817307,12.494738,60610100
2018-04-17,12.865385,13.336538,12.846154,13.259615,12.925914,75014200
2018-04-18,13.346154,13.384615,13.096154,13.134615,12.804059,44702800
2018-04-19,13.144231,13.519231,13.105769,13.451923,13.113382,91293500
2018-04-20,14.365385,14.471154,13.788462,13.980769,13.628919,196233400
2018-04-23,14.182693,14.211538,13.836538,13.961538,13.610171,76249400
2018-04-24,14.096154,14.201923,13.980769,14.115385,13.760146,77232100
2018-04-25,14.153846,14.163462,13.375000,13.509615,13.169622,115712200
2018-04-26,13.567307,13.942307,13.519231,13.826923,13.478947,67452500
2018-04-27,13.673077,13.923077,13.644231,13.826923,13.478947,50780700
2018-04-30,13.817307,13.836538,13.528846,13.528846,13.188369,50476100
2018-05-01,13.538462,13.548077,13.298077,13.509615,13.169622,53427400
2018-05-02,13.557693,13.826923,13.538462,13.634615,13.291476,53745100
2018-05-03,13.644231,13.644231,13.317307,13.394231,13.057140,63124800
2018-05-04,13.336538,13.586538,13.240385,13.557693,13.216490,43585300
2018-05-07,13.548077,13.634615,13.461538,13.528846,13.188369,34183200
2018-05-08,13.634615,13.932693,13.548077,13.721154,13.375838,61709500
2018-05-09,13.798077,14.115385,13.750000,14.057693,13.703906,52902600
2018-05-10,14.192307,14.192307,13.942307,14.125000,13.769520,38980100
2018-05-11,14.173077,14.201923,13.961538,14.038462,13.685159,29755500
2018-05-14,14.134615,14.230769,14.076923,14.144231,13.788266,42674300
2018-05-15,14.134615,14.153846,14.009615,14.144231,13.788266,36669000
2018-05-16,14.144231,14.519231,14.125000,14.451923,14.088215,56808300
2018-05-17,14.538462,14.653846,14.346154,14.451923,14.088215,52757700
2018-05-18,14.500000,14.519231,14.346154,14.394231,14.031976,35738300
2018-05-21,14.769231,14.951923,14.615385,14.673077,14.303804,81033400
2018-05-22,14.798077,14.990385,14.701923,14.701923,14.331924,68368600
2018-05-23,14.615385,14.625000,13.567307,13.634615,13.291476,153232100
2018-05-24,13.788462,14.153846,13.692307,14.038462,13.685159,109630500
2018-05-25,14.048077,14.105769,13.855769,14.067307,13.713278,51686600
2018-05-29,13.923077,13.961538,13.480769,13.634615,13.291476,79086100
2018-05-30,13.596154,13.692307,13.480769,13.625000,13.282103,54296700
2018-05-31,13.557693,13.586538,13.413462,13.538462,13.197744,57674600
2018-06-01,13.557693,13.605769,13.413462,13.557693,13.216490,59164300
2018-06-04,13.586538,13.663462,13.153846,13.182693,12.850928,85712900
2018-06-05,13.182693,13.394231,13.000000,13.269231,12.935287,73266300
2018-06-06,13.288462,13.355769,13.105769,13.115385,12.785314,64631100
2018-06-07,13.105769,13.269231,13.086538,13.250000,12.916541,73821600
2018-06-08,13.250000,13.528846,13.182693,13.394231,13.057140,52254600
2018-06-11,13.451923,13.490385,13.317307,13.442307,13.104010,45345700
2018-06-12,13.490385,13.596154,13.375000,13.442307,13.104010,43179800
2018-06-13,13.480769,13.519231,13.298077,13.355769,13.019650,36919700
2018-06-14,13.336538,13.375000,13.038462,13.115385,12.785314,63097900
2018-06-15,12.990385,13.000000,12.788462,12.788462,12.581736,100027300
2018-06-18,12.701923,12.721154,12.596154,12.692307,12.487136,71073800
2018-06-19,12.557693,12.567307,12.403846,12.451923,12.250636,80989400
2018-06-20,12.269231,12.605769,12.259615,12.384615,12.184416,100282600
2018-06-21,12.317307,12.326923,12.125000,12.269231,12.070897,73519800
2018-06-22,12.269231,12.576923,12.269231,12.548077,12.345236,70665100
2018-06-25,12.528846,12.548077,12.250000,12.259615,12.061437,79892500
2018-06-26,12.942307,13.403846,12.875000,13.211538,12.997972,222386500
2018-06-27,13.326923,13.884615,13.269231,13.423077,13.206091,140816600
2018-06-28,13.403846,13.461538,13.153846,13.298077,13.083112,67008200
2018-06-29,13.298077,13.365385,13.048077,13.086538,12.874992,74837600
2018-07-02,12.961538,13.028846,12.682693,12.855769,12.647953,65284800
2018-07-03,12.836538,12.971154,12.788462,12.855769,12.647953,33500800
2018-07-05,12.865385,12.923077,12.538462,12.913462,12.704714,55683800
2018-07-06,12.855769,13.365385,12.807693,13.317307,13.102031,62423200
2018-07-09,13.403846,13.596154,13.375000,13.413462,13.196633,69743500
2018-07-10,13.461538,13.634615,13.442307,13.625000,13.404751,62727700
2018-07-11,13.519231,13.740385,13.451923,13.451923,13.234472,49156700
2018-07-12,13.509615,13.596154,13.394231,13.451923,13.234472,41417400
2018-07-13,13.432693,13.528846,13.346154,13.355769,13.139873,50445700
2018-07-16,13.355769,13.413462,13.269231,13.365385,13.149333,44574600
2018-07-17,13.317307,13.355769,13.125000,13.163462,12.950673,61476000
2018-07-18,13.211538,13.278846,13.173077,13.221154,13.007434,42676400
2018-07-19,13.192307,13.346154,13.096154,13.201923,12.988513,77961300
2018-07-20,13.192307,13.250000,12.480769,12.615385,12.411457,178095200
2018-07-23,12.519231,12.615385,12.403846,12.490385,12.288477,93946100
2018-07-24,12.423077,12.625000,12.355769,12.615385,12.411457,58933200
2018-07-25,12.625000,12.644231,12.461538,12.605769,12.401996,55487400
2018-07-26,12.596154,12.759615,12.557693,12.644231,12.439837,56692400
2018-07-27,12.615385,12.673077,12.480769,12.557693,12.354695,40903800
2018-07-30,12.538462,12.701923,12.509615,12.653846,12.449295,41147600
2018-07-31,12.682693,13.125000,12.653846,13.105769,12.893913,74561600
2018-08-01,13.028846,13.028846,12.730769,12.730769,12.524976,46309400
2018-08-02,12.663462,12.701923,12.557693,12.663462,12.458755,38038300
2018-08-03,12.644231,12.740385,12.596154,12.634615,12.430374,36654900
2018-08-06,12.615385,12.673077,12.557693,12.596154,12.392536,33788800
2018-08-07,12.615385,12.740385,12.519231,12.653846,12.449295,58868000
2018-08-08,12.682693,12.682693,12.471154,12.548077,12.345236,42015300
2018-08-09,12.509615,12.528846,12.413462,12.442307,12.241176,33786600
2018-08-10,12.413462,12.413462,12.221154,12.278846,12.080358,50390300
2018-08-13,12.230769,12.240385,11.913462,11.971154,11.777640,69783300
2018-08-14,12.000000,12.115385,11.846154,11.875000,11.683038,51585600
2018-08-15,11.798077,11.884615,11.480769,11.750000,11.560060,67295300
2018-08-16,11.788462,11.884615,11.740385,11.826923,11.635740,54063600
2018-08-17,11.788462,11.865385,11.740385,11.826923,11.635740,48823300
2018-08-20,11.798077,11.913462,11.673077,11.826923,11.635740,39266700
2018-08-21,11.865385,12.201923,11.855769,12.144231,11.947918,60265500
2018-08-22,12.125000,12.134615,11.942307,11.990385,11.796559,45184000
2018-08-23,11.932693,12.076923,11.913462,12.057693,11.862778,39576700
2018-08-24,12.038462,12.076923,11.990385,12.019231,11.824939,40216800
2018-08-27,12.000000,12.288462,11.971154,12.278846,12.080358,46473100
2018-08-28,12.278846,12.394231,12.230769,12.269231,12.070897,61432000
2018-08-29,12.278846,12.480769,12.182693,12.471154,12.269556,49700000
2018-08-30,12.375000,12.471154,12.259615,12.278846,12.080358,46454200
2018-08-31,12.240385,12.451923,12.211538,12.442307,12.241176,52419200
2018-09-04,12.384615,12.384615,12.144231,12.182693,11.985758,46630400
2018-09-05,11.971154,12.096154,11.769231,12.076923,11.881699,57274400
2018-09-06,12.019231,12.307693,12.019231,12.028846,11.834398,42244500
2018-09-07,11.913462,11.961538,11.798077,11.923077,11.730340,47701800
2018-09-10,11.884615,12.211538,11.875000,12.028846,11.834398,45109600
2018-09-11,11.961538,11.990385,11.759615,11.855769,11.664119,41760000
2018-09-12,11.826923,12.144231,11.759615,12.125000,11.928998,41793000
2018-09-13,12.182693,12.259615,11.951923,12.221154,12.023600,56861700
2018-09-14,12.048077,12.259615,11.903846,12.192307,12.114167,72768500
2018-09-17,12.125000,12.394231,12.115385,12.211538,12.133274,52698400
2018-09-18,12.182693,12.259615,12.076923,12.173077,12.095059,44608500
2018-09-19,12.134615,12.490385,12.076923,12.365385,12.286136,64586100
2018-09-20,12.105769,12.201923,11.884615,11.980769,11.903984,91858600
2018-09-21,11.923077,12.076923,11.692307,11.701923,11.626925,99235800
2018-09-24,11.634615,11.634615,11.153846,11.288462,11.216112,154533400
2018-09-25,11.278846,11.307693,10.788462,10.836538,10.767087,139041900
2018-09-26,10.817307,11.115385,10.778846,10.951923,10.881733,97109500
2018-09-27,10.932693,11.298077,10.923077,11.086538,11.015484,85484000
2018-09-28,11.000000,11.067307,10.817307,10.855769,10.786194,79637000
2018-10-01,12.519231,12.567307,11.480769,11.625000,11.550495,320431000
2018-10-02,11.846154,12.000000,11.317307,11.846154,11.770231,154654000
2018-10-03,11.865385,12.144231,11.807693,12.000000,11.923093,86284700
2018-10-04,11.932693,12.192307,11.865385,12.173077,12.095059,77908500
2018-10-05,12.384615,12.788462,12.365385,12.673077,12.591855,157206800
2018-10-08,13.000000,13.115385,12.750000,13.086538,13.002666,179555400
2018-10-09,13.182693,13.250000,12.894231,13.028846,12.945344,114866000
2018-10-10,12.875000,13.134615,12.721154,12.769231,12.687394,95620700
2018-10-11,12.615385,12.778846,12.173077,12.230769,12.152383,120808300
2018-10-12,12.048077,12.336538,11.730769,11.846154,11.770231,128136800
2018-10-15,11.778846,12.019231,11.673077,11.682693,11.607818,65145800
2018-10-16,11.759615,11.817307,11.538462,11.634615,11.560049,89945200
2018-10-17,11.778846,12.076923,11.653846,11.721154,11.646033,86770400
2018-10-18,11.673077,11.951923,11.596154,11.903846,11.827553,84781000
2018-10-19,11.807693,12.240385,11.788462,12.076923,11.999522,90256900
2018-10-22,12.105769,12.144231,11.855769,11.903846,11.827553,52253200
2018-10-23,11.682693,12.250000,11.615385,12.201923,12.123721,85160400
2018-10-24,12.221154,12.317307,11.673077,11.701923,11.626925,86694700
2018-10-25,11.730769,11.807693,11.269231,11.346154,11.273438,91770700
2018-10-26,11.144231,11.201923,10.740385,10.865385,10.795749,122317200
2018-10-29,10.990385,11.278846,10.509615,10.730769,10.661996,124642600
2018-10-30,10.153846,10.961538,9.490385,9.788462,9.725728,358775700
2018-10-31,9.788462,9.990385,9.423077,9.711538,9.649299,209953700
2018-11-01,9.625000,9.836538,9.173077,9.211538,9.152502,245822000
2018-11-02,9.250000,9.288462,8.721154,8.932693,8.875443,274055100
2018-11-05,9.028846,9.163462,8.913462,8.923077,8.865889,129364500
2018-11-06,9.000000,9.173077,9.000000,9.057693,8.999641,117445300
2018-11-07,9.086538,9.096154,8.788462,8.846154,8.789459,128981500
2018-11-08,8.788462,8.980769,8.701923,8.750000,8.693921,168268600
2018-11-09,8.451923,8.615385,7.836538,8.250000,8.197125,284483900
2018-11-12,8.096154,8.125000,7.423077,7.682693,7.633454,254996400
2018-11-13,7.711538,8.701923,7.663462,8.278846,8.225786,214048600
2018-11-14,8.423077,8.509615,7.875000,8.000000,7.948728,176976500
2018-11-15,7.923077,8.269231,7.750000,7.855769,7.805421,133613800
2018-11-16,7.769231,7.884615,7.432693,7.711538,7.662115,183673200
2018-11-19,7.682693,7.923077,7.490385,7.538462,7.490148,154000300
2018-11-20,7.375000,7.557693,7.240385,7.355769,7.308626,149041800
2018-11-21,7.490385,7.625000,7.432693,7.509615,7.461486,87820500
2018-11-23,7.480769,7.557693,7.259615,7.278846,7.232195,45209900
2018-11-26,7.317307,7.442307,6.980769,7.288462,7.241750,164993700
2018-11-27,7.201923,7.336538,7.086538,7.153846,7.107997,114823200
2018-11-28,7.105769,7.471154,7.086538,7.442307,7.394609,129279400
2018-11-29,7.355769,7.692307,7.201923,7.634615,7.585685,128318600
2018-11-30,7.365385,7.384615,7.115385,7.211538,7.165319,194566200
2018-12-03,7.250000,7.644231,7.240385,7.509615,7.461486,135909800
2018-12-04,7.451923,7.509615,7.000000,7.000000,6.955137,138662900
2018-12-06,6.923077,7.105769,6.875000,7.067307,7.022012,117484300
2018-12-07,7.019231,7.096154,6.721154,6.740385,6.697186,119059300
2018-12-10,6.701923,6.846154,6.490385,6.663462,6.620756,117355400
2018-12-11,6.769231,6.855769,6.403846,6.500000,6.458342,129563800
2018-12-12,6.576923,6.759615,6.442307,6.451923,6.410573,110052800
2018-12-13,7.201923,7.211538,6.846154,6.923077,6.878707,215573200
2018-12-14,6.807693,6.971154,6.730769,6.826923,6.783169,133952700
2018-12-17,6.817307,6.951923,6.740385,6.875000,6.830938,134920300
2018-12-18,6.903846,7.336538,6.884615,7.000000,6.955137,152644400
2018-12-19,7.346154,7.644231,7.259615,7.365385,7.328650,228253100
2018-12-20,7.355769,7.519231,7.076923,7.153846,7.118165,189647700
2018-12-21,7.038462,7.163462,6.826923,6.875000,6.840711,193077300
2018-12-24,6.788462,6.855769,6.634615,6.653846,6.620660,72810800
2018-12-26,6.721154,7.125000,6.509615,7.105769,7.070328,135032100
2018-12-27,6.903846,6.990385,6.682693,6.990385,6.955520,124569700
2018-12-28,6.913462,7.355769,6.913462,7.221154,7.185137,126537600
2018-12-31,7.230769,7.326923,7.067307,7.278846,7.242542,112695900
2019-01-02,7.173077,7.865385,7.125000,7.740385,7.701778,134528200
2019-01-03,7.711538,7.884615,7.480769,7.750000,7.711346,127866900
2019-01-04,7.875000,7.942307,7.673077,7.913462,7.873992,124887100
2019-01-07,8.221154,8.451923,7.971154,8.403846,8.361931,186871700
2019-01-08,8.567307,8.692307,8.192307,8.230769,8.189717,152859600
2019-01-09,8.192307,8.423077,7.865385,8.173077,8.132313,120958500
2019-01-10,8.173077,8.605769,8.163462,8.596154,8.553281,116835100
2019-01-11,8.528846,8.605769,8.384615,8.596154,8.553281,83896000
2019-01-14,8.471154,8.653846,8.423077,8.557693,8.515010,84945200
2019-01-15,8.567307,8.586538,8.365385,8.394231,8.352365,97820500
2019-01-16,8.375000,8.653846,8.326923,8.634615,8.591549,87636300
2019-01-17,8.557693,8.836538,8.413462,8.788462,8.744630,110023800
2019-01-18,8.875000,8.894231,8.682693,8.711538,8.668089,96443800
2019-01-22,8.634615,8.644231,8.230769,8.326923,8.285392,112498800
2019-01-23,8.355769,8.500000,8.278846,8.394231,8.352365,75281300
2019-01-24,8.298077,8.625000,8.278846,8.442307,8.400200,93944800
2019-01-25,8.509615,8.855769,8.500000,8.807693,8.763762,116798800
2019-01-28,8.634615,8.653846,8.413462,8.586538,8.543714,95301300
2019-01-29,8.557693,8.778846,8.317307,8.557693,8.515010,119046400
2019-01-30,8.634615,8.923077,8.538462,8.750000,8.706358,89891900
2019-01-31,9.557693,10.355769,9.384615,9.769231,9.720507,362585000
2019-02-01,9.807693,10.028846,9.576923,9.798077,9.749209,164488200
2019-02-04,9.875000,9.942307,9.711538,9.817307,9.768344,107373600
2019-02-05,9.855769,10.240385,9.778846,10.221154,10.170176,106936000
2019-02-06,10.259615,10.490385,10.028846,10.067307,10.017097,125305900
2019-02-07,10.019231,10.038462,9.586538,9.673077,9.624831,113052300
2019-02-08,9.625000,9.711538,9.173077,9.432693,9.385647,123291400
2019-02-11,9.490385,9.759615,9.451923,9.644231,9.596129,73515000
2019-02-12,9.682693,9.759615,9.528846,9.596154,9.548293,69807100
2019-02-13,9.596154,10.019231,9.567307,9.971154,9.921423,102894400
2019-02-14,9.894231,9.903846,9.567307,9.653846,9.605697,97122500
2019-02-15,9.730769,9.884615,9.673077,9.701923,9.653534,81478200
2019-02-19,9.644231,9.759615,9.567307,9.740385,9.691805,66111100
2019-02-20,9.701923,9.740385,9.625000,9.711538,9.663102,50594500
2019-02-21,9.644231,9.807693,9.615385,9.644231,9.596129,51514500
2019-02-22,9.663462,9.788462,9.605769,9.778846,9.730073,52770900
2019-02-25,11.125000,11.298077,10.365385,10.403846,10.351956,301841600
2019-02-26,10.790000,10.900000,10.530000,10.660000,10.606833,103990600
2019-02-27,10.830000,10.930000,10.640000,10.880000,10.825734,108833400
2019-02-28,10.820000,10.850000,10.330000,10.390000,10.338179,90862100
2019-03-01,10.450000,10.520000,10.050000,10.270000,10.218778,89000200
2019-03-04,10.320000,10.520000,10.220000,10.380000,10.328230,69762900
2019-03-05,10.380000,10.570000,9.580000,9.890000,9.840674,178783600
2019-03-06,9.260000,9.640000,9.050000,9.110000,9.064563,205777700
2019-03-07,9.080000,9.450000,9.070000,9.450000,9.402867,127481100
2019-03-08,9.330000,9.680000,9.280000,9.580000,9.542316,87518700
2019-03-11,9.450000,10.020000,9.330000,9.900000,9.861058,106050400
2019-03-12,9.930000,10.140000,9.660000,9.760000,9.721609,99369500
2019-03-13,9.730000,10.050000,9.700000,10.020000,9.980586,74164500
2019-03-14,10.300000,10.500000,10.200000,10.300000,10.259485,133870800
2019-03-15,10.290000,10.450000,9.900000,9.960000,9.920822,189194100
2019-03-18,9.990000,10.310000,9.970000,10.200000,10.159878,91647500
2019-03-19,10.220000,10.340000,10.140000,10.190000,10.149917,54680900
2019-03-20,10.130000,10.330000,10.120000,10.220000,10.179800,48370000
2019-03-21,10.200000,10.330000,10.130000,10.270000,10.229604,50518900
2019-03-22,10.220000,10.240000,9.920000,9.980000,9.940742,81563500
2019-03-25,9.960000,10.130000,9.810000,9.880000,9.841136,49727700
2019-03-26,9.950000,10.150000,9.930000,10.100000,10.060271,47624800
2019-03-27,10.080000,10.180000,9.900000,9.960000,9.920822,55148300
2019-03-28,9.960000,10.010000,9.800000,9.890000,9.851098,45199400
2019-03-29,9.980000,10.030000,9.920000,9.990000,9.950705,48519100
2019-04-01,10.020000,10.130000,10.000000,10.100000,10.060271,51346000
2019-04-02,10.060000,10.280000,10.040000,10.240000,10.199720,51748200
2019-04-03,10.260000,10.280000,10.000000,10.100000,10.060271,56139500
2019-04-04,10.100000,10.120000,9.970000,10.030000,9.990546,41034100
2019-04-05,10.070000,10.140000,9.980000,10.010000,9.970625,43257200
2019-04-08,9.510000,9.540000,9.150000,9.490000,9.452670,176008200
2019-04-09,9.350000,9.410000,9.120000,9.220000,9.183733,83170700
2019-04-10,9.250000,9.260000,9.080000,9.160000,9.123968,53871400
2019-04-11,9.120000,9.260000,9.100000,9.120000,9.084126,54814800
2019-04-12,9.150000,9.210000,8.990000,9.000000,8.964599,68461200
2019-04-15,9.010000,9.050000,8.790000,8.980000,8.944677,82946700
2019-04-16,9.040000,9.190000,8.990000,9.140000,9.104048,60236000
2019-04-17,9.160000,9.180000,9.060000,9.120000,9.084126,48065100
2019-04-18,9.130000,9.350000,9.100000,9.350000,9.313222,51509100
2019-04-22,9.250000,9.350000,9.180000,9.320000,9.283340,67122500
2019-04-23,9.300000,9.370000,9.220000,9.330000,9.293300,40504600
2019-04-24,9.310000,9.350000,9.210000,9.320000,9.283340,28785100
2019-04-25,9.220000,9.230000,8.980000,9.120000,9.084126,62378000
2019-04-26,9.120000,9.590000,9.110000,9.570000,9.532356,74289700
2019-04-29,9.570000,9.740000,9.540000,9.730000,9.691726,66009500
2019-04-30,10.230000,10.530000,9.960000,10.170000,10.129997,177185500
2019-05-01,10.150000,10.420000,10.090000,10.100000,10.060271,99374400
2019-05-02,10.150000,10.400000,10.080000,10.250000,10.209681,79225800
2019-05-03,10.300000,10.500000,10.240000,10.500000,10.458698,68815500
2019-05-06,10.240000,10.490000,10.210000,10.430000,10.388973,43631800
2019-05-07,10.340000,10.360000,10.060000,10.110000,10.070231,56894200
2019-05-08,10.080000,10.250000,10.080000,10.160000,10.120035,47349300
2019-05-09,10.110000,10.210000,10.020000,10.040000,10.000507,59499800
2019-05-10,10.020000,10.180000,9.770000,10.130000,10.090154,63130200
2019-05-13,9.850000,10.070000,9.820000,9.870000,9.831177,60136000
2019-05-14,9.940000,10.350000,9.910000,10.320000,10.279407,70520500
2019-05-15,10.150000,10.390000,10.120000,10.260000,10.219643,53716400
2019-05-16,10.220000,10.290000,10.060000,10.130000,10.090154,54505500
2019-05-17,10.010000,10.160000,9.980000,10.000000,9.960665,37062500
2019-05-20,9.910000,10.060000,9.780000,9.880000,9.841136,52207100
2019-05-21,9.960000,9.960000,9.800000,9.960000,9.920822,60413400
2019-05-22,9.950000,10.120000,9.880000,9.900000,9.861058,51644100
2019-05-23,9.810000,9.830000,9.470000,9.560000,9.522396,56841500
2019-05-24,9.620000,9.680000,9.440000,9.450000,9.412827,47533100
2019-05-28,9.410000,9.540000,9.270000,9.360000,9.323182,72211700
2019-05-29,9.310000,9.390000,9.150000,9.370000,9.333143,44588000
2019-05-30,9.370000,9.510000,9.290000,9.470000,9.432750,50531400
2019-05-31,9.340000,9.470000,9.300000,9.440000,9.402867,46337900
2019-06-03,9.300000,9.540000,9.250000,9.530000,9.492513,47274000
2019-06-04,9.610000,10.000000,9.590000,10.000000,9.960665,61404700
2019-06-05,10.070000,10.090000,9.820000,9.890000,9.851098,41163400
2019-06-06,9.890000,10.000000,9.770000,9.920000,9.880980,38528000
2019-06-07,9.900000,10.050000,9.820000,9.980000,9.940742,41084600
2019-06-10,10.050000,10.350000,10.000000,10.050000,10.010468,52267100
2019-06-11,10.100000,10.200000,9.960000,10.120000,10.080193,38957700
2019-06-12,10.080000,10.390000,10.020000,10.280000,10.239563,54952900
2019-06-13,10.360000,10.520000,10.250000,10.310000,10.269445,62115700
2019-06-14,10.280000,10.340000,10.180000,10.230000,10.189759,34355100
2019-06-17,10.200000,10.240000,10.020000,10.050000,10.010468,46050300
2019-06-18,10.110000,10.430000,10.090000,10.420000,10.379013,73563600
2019-06-19,10.470000,10.610000,10.330000,10.340000,10.299328,60616700
2019-06-20,10.470000,10.700000,10.470000,10.630000,10.588187,65961500
2019-06-21,10.670000,10.710000,10.450000,10.480000,10.438776,65576000
2019-06-24,10.460000,10.530000,10.270000,10.280000,10.239563,36598800
2019-06-25,10.260000,10.280000,10.100000,10.220000,10.179800,35496200
2019-06-26,10.220000,10.390000,10.200000,10.270000,10.229604,34128000
2019-06-27,10.240000,10.440000,10.240000,10.400000,10.359091,33283300
2019-06-28,10.390000,10.500000,10.370000,10.500000,10.468764,44020400
2019-07-01,10.620000,10.720000,10.530000,10.630000,10.598378,40007700
2019-07-02,10.630000,10.720000,10.570000,10.620000,10.588408,30121700
2019-07-03,10.660000,10.660000,10.540000,10.610000,10.578436,22175600
2019-07-05,10.540000,10.550000,10.370000,10.500000,10.468764,30267700
2019-07-08,10.420000,10.430000,10.140000,10.200000,10.169657,48143100
2019-07-09,10.120000,10.290000,10.040000,10.250000,10.219507,35455800
2019-07-10,10.290000,10.430000,10.180000,10.200000,10.169657,39101700
2019-07-11,10.220000,10.310000,10.100000,10.110000,10.079924,33670100
2019-07-12,10.180000,10.390000,10.140000,10.370000,10.339151,39195500
2019-07-15,10.250000,10.340000,10.200000,10.270000,10.239450,42095100
2019-07-16,10.230000,10.400000,10.210000,10.380000,10.349121,39533200
2019-07-17,10.370000,10.370000,9.980000,9.980000,9.950310,53683000
2019-07-18,10.010000,10.190000,9.960000,10.060000,10.030073,45158500
2019-07-19,10.080000,10.190000,10.030000,10.040000,10.010133,34653900
2019-07-22,10.050000,10.230000,10.050000,10.210000,10.179626,43326900
2019-07-23,10.280000,10.680000,10.270000,10.650000,10.618318,74298300
2019-07-24,10.580000,10.700000,10.540000,10.680000,10.648229,44897500
2019-07-25,10.630000,10.670000,10.360000,10.430000,10.398973,46121000
2019-07-26,10.470000,10.550000,10.400000,10.510000,10.478734,27015800
2019-07-29,10.500000,10.580000,10.380000,10.380000,10.349121,37369400
2019-07-30,10.390000,10.580000,10.280000,10.520000,10.488706,45314500
2019-07-31,10.760000,10.790000,10.050000,10.450000,10.418912,172474100
2019-08-01,10.370000,10.490000,9.980000,10.080000,10.050013,87921700
2019-08-02,10.010000,10.080000,9.820000,10.000000,9.970252,64296400
2019-08-05,9.790000,9.810000,9.610000,9.660000,9.631263,70243200
2019-08-06,9.710000,9.750000,9.480000,9.570000,9.541531,66397800
2019-08-07,9.440000,9.470000,9.230000,9.460000,9.431858,76790400
2019-08-08,9.510000,9.530000,9.320000,9.490000,9.461768,49406600
2019-08-09,9.470000,9.480000,9.120000,9.150000,9.122780,76720800
2019-08-12,9.040000,9.090000,8.950000,9.050000,9.023078,65390400
2019-08-13,9.230000,9.590000,9.210000,9.350000,9.322186,74026400
2019-08-14,9.240000,9.300000,8.960000,9.030000,9.003138,89194600
2019-08-15,8.540000,8.630000,7.650000,8.010000,7.986172,401048700
2019-08-16,8.410000,8.800000,8.370000,8.790000,8.763850,248883600
2019-08-19,8.880000,8.890000,8.610000,8.670000,8.644208,111637600
2019-08-20,8.580000,8.600000,8.330000,8.380000,8.355071,102302300
2019-08-21,8.360000,8.480000,8.140000,8.160000,8.135725,85258500
2019-08-22,8.180000,8.310000,8.110000,8.190000,8.165635,68146600
2019-08-23,8.090000,8.100000,7.760000,7.970000,7.946290,128598300
2019-08-26,8.060000,8.100000,7.920000,8.050000,8.026053,57987200
2019-08-27,8.090000,8.110000,7.910000,7.930000,7.906410,66069600
2019-08-28,7.920000,7.990000,7.760000,7.940000,7.916380,57698300
2019-08-29,8.040000,8.200000,8.000000,8.110000,8.085875,58741000
2019-08-30,8.140000,8.260000,8.110000,8.250000,8.225458,47323600
2019-09-03,8.100000,8.390000,8.080000,8.330000,8.305220,67648900
2019-09-04,8.410000,8.870000,8.400000,8.800000,8.773822,93653700
2019-09-05,8.990000,9.230000,8.800000,8.810000,8.783792,86891100
2019-09-06,8.820000,8.820000,8.570000,8.710000,8.684089,42846200
2019-09-09,8.750000,9.050000,8.730000,8.960000,8.933345,49960500
2019-09-10,8.910000,9.270000,8.900000,9.140000,9.112810,62617200
2019-09-11,9.150000,9.360000,9.060000,9.360000,9.332155,57094900
2019-09-12,9.400000,9.520000,9.220000,9.260000,9.232452,68115100
2019-09-13,9.310000,9.450000,9.140000,9.340000,9.322283,45267800
2019-09-16,9.300000,9.420000,9.170000,9.380000,9.362206,45748400
2019-09-17,9.300000,9.390000,9.250000,9.360000,9.342244,37954000
2019-09-18,9.310000,9.390000,9.180000,9.380000,9.362206,40270700
2019-09-19,9.350000,9.500000,9.340000,9.420000,9.402131,33935300
2019-09-20,9.460000,9.540000,9.340000,9.370000,9.352225,57530400
2019-09-23,9.220000,9.390000,9.200000,9.340000,9.322283,33511100
2019-09-24,9.310000,9.350000,8.960000,8.970000,8.952985,53343000
2019-09-25,8.960000,9.200000,8.940000,9.160000,9.142623,43859400
2019-09-26,9.180000,9.210000,8.960000,9.020000,9.002890,37229800
2019-09-27,9.040000,9.170000,8.990000,9.040000,9.022851,30511000
2019-09-30,9.080000,9.100000,8.940000,8.940000,8.923040,35091400
2019-10-01,8.960000,9.040000,8.510000,8.610000,8.593666,68778600
2019-10-02,8.560000,8.620000,8.410000,8.510000,8.493856,47520800
2019-10-03,8.500000,8.710000,8.250000,8.710000,8.693477,58626600
2019-10-04,8.610000,8.700000,8.540000,8.570000,8.553742,52272800
2019-10-07,8.550000,8.650000,8.480000,8.560000,8.543762,32170400
2019-10-08,8.480000,8.500000,8.270000,8.280000,8.264293,45502400
2019-10-09,8.310000,8.370000,8.240000,8.350000,8.334161,32840800
2019-10-10,8.340000,8.520000,8.310000,8.450000,8.433970,30546100
2019-10-11,8.590000,8.920000,8.580000,8.800000,8.783307,55835000
2019-10-14,8.840000,8.850000,8.640000,8.720000,8.703459,34052700
2019-10-15,8.740000,8.920000,8.610000,8.890000,8.873137,38834300
2019-10-16,8.860000,9.070000,8.840000,8.900000,8.883117,57841500
2019-10-17,8.920000,9.090000,8.880000,9.040000,9.022851,32661000
2019-10-18,9.010000,9.100000,8.950000,8.960000,8.943003,39012900
2019-10-21,8.990000,9.120000,8.760000,8.790000,8.773325,60584800
2019-10-22,8.770000,9.060000,8.610000,9.060000,9.042813,57115100
2019-10-23,8.980000,9.150000,8.930000,9.140000,9.122662,47584900
2019-10-24,9.120000,9.150000,8.880000,8.950000,8.933022,34131700
2019-10-25,8.920000,9.090000,8.920000,9.000000,8.982927,42159700
2019-10-28,9.020000,9.120000,8.990000,9.070000,9.052794,31754900
2019-10-29,9.010000,9.140000,8.930000,9.070000,9.052794,45759000
2019-10-30,9.780000,10.370000,9.710000,10.110000,10.090821,215943400
2019-10-31,10.050000,10.210000,9.860000,9.980000,9.961067,86633900
2019-11-01,10.080000,10.390000,10.060000,10.380000,10.360310,82053300
2019-11-04,10.420000,10.950000,10.420000,10.930000,10.909266,97780000
2019-11-05,10.920000,10.970000,10.720000,10.970000,10.949190,71381700
2019-11-06,10.930000,11.100000,10.790000,11.020000,10.999095,78002300
2019-11-07,11.100000,11.320000,11.090000,11.290000,11.268583,71082300
2019-11-08,11.230000,11.550000,11.140000,11.520000,11.498147,62480600
2019-11-11,11.400000,11.500000,11.240000,11.350000,11.328469,45575600
2019-11-12,11.320000,11.580000,11.290000,11.420000,11.398336,48942900
2019-11-13,11.290000,11.360000,11.180000,11.290000,11.268583,53981300
2019-11-14,11.180000,11.350000,11.180000,11.290000,11.268583,30790600
2019-11-15,11.340000,11.550000,11.330000,11.520000,11.498147,38236200
2019-11-18,11.410000,11.500000,11.330000,11.440000,11.418299,50972400
2019-11-19,11.430000,11.550000,11.260000,11.500000,11.478185,46832800
2019-11-20,11.440000,11.490000,11.260000,11.390000,11.368394,46690100
2019-11-21,11.330000,11.620000,11.310000,11.530000,11.508128,41688800
2019-11-22,11.490000,11.720000,11.490000,11.550000,11.528090,38481800
2019-11-25,11.660000,11.840000,11.570000,11.580000,11.558033,56710200
2019-11-26,11.620000,11.670000,11.310000,11.350000,11.328469,64193900
2019-11-27,11.390000,11.470000,11.260000,11.290000,11.268583,45498700
2019-11-29,11.280000,11.360000,11.220000,11.270000,11.248621,22739300
2019-12-02,11.310000,11.520000,11.140000,11.160000,11.138830,68711100
2019-12-03,11.000000,11.110000,10.810000,10.990000,10.969152,64048700
2019-12-04,11.170000,11.180000,10.870000,10.900000,10.879322,43748500
2019-12-05,10.890000,10.960000,10.760000,10.790000,10.769532,47273400
2019-12-06,10.900000,11.110000,10.850000,11.100000,11.078944,50596900
2019-12-09,10.980000,11.130000,10.970000,10.990000,10.969152,26695700
2019-12-10,10.990000,11.030000,10.920000,11.010000,10.989115,24780900
2019-12-11,10.970000,11.090000,10.950000,10.970000,10.949190,36712500
2019-12-12,11.350000,11.570000,11.240000,11.440000,11.418299,99880100
2019-12-13,11.500000,11.600000,11.330000,11.340000,11.318489,52637100
2019-12-16,11.280000,11.360000,11.130000,11.170000,11.148810,55512900
2019-12-17,11.150000,11.230000,11.080000,11.100000,11.078944,41749300
2019-12-18,11.020000,11.140000,10.920000,10.960000,10.939209,75428100
2019-12-19,10.980000,11.150000,10.980000,11.040000,11.019057,45306600
2019-12-20,11.080000,11.140000,10.900000,11.030000,11.019057,73641100
2019-12-23,11.000000,11.170000,11.000000,11.160000,11.148929,44033200
2019-12-24,11.100000,11.200000,11.090000,11.190000,11.178899,20769000
2019-12-26,11.180000,11.230000,11.130000,11.230000,11.218859,30366700
2019-12-27,11.170000,11.210000,11.130000,11.180000,11.168909,29971800
2019-12-30,11.070000,11.160000,11.030000,11.080000,11.069008,48146000
2019-12-31,11.000000,11.160000,10.960000,11.160000,11.148929,56658000
2020-01-02,11.230000,11.960000,11.230000,11.930000,11.918165,87421800
2020-01-03,11.570000,12.000000,11.530000,11.970000,11.958125,85885800
2020-01-06,11.840000,12.210000,11.840000,12.140000,12.127956,111948700
2020-01-07,12.150000,12.240000,11.920000,12.050000,12.038046,70579300
2020-01-08,11.990000,12.050000,11.870000,11.940000,11.928154,55402500
2020-01-09,12.070000,12.090000,11.830000,11.910000,11.898185,39377100
2020-01-10,11.840000,11.910000,11.590000,11.670000,11.658422,58652000
2020-01-13,11.740000,12.150000,11.680000,12.120000,12.107976,66161500
2020-01-14,12.160000,12.190000,11.990000,12.030000,12.018065,45030000
2020-01-15,12.020000,12.020000,11.830000,11.870000,11.858224,46051000
2020-01-16,11.940000,11.980000,11.820000,11.840000,11.828254,36673600
2020-01-17,11.850000,11.930000,11.760000,11.810000,11.798285,46580700
2020-01-21,11.740000,11.800000,11.610000,11.660000,11.648433,43738200
2020-01-22,11.710000,11.710000,11.350000,11.370000,11.358720,61947800
2020-01-23,11.730000,11.850000,11.600000,11.770000,11.758324,73162900
2020-01-24,11.880000,11.890000,11.620000,11.710000,11.698383,59375800
2020-01-27,11.450000,11.590000,11.380000,11.440000,11.428651,47862600
2020-01-28,11.520000,11.820000,11.470000,11.730000,11.718363,62928600
2020-01-29,12.570000,13.000000,12.490000,12.940000,12.927162,220689300
2020-01-30,12.890000,12.990000,12.500000,12.730000,12.717371,95469300
2020-01-31,12.680000,12.740000,12.340000,12.450000,12.437649,77984000
2020-02-03,12.460000,12.680000,12.250000,12.260000,12.247838,50399300
2020-02-04,12.490000,12.620000,12.390000,12.580000,12.567520,44385200
2020-02-05,12.760000,12.860000,12.570000,12.860000,12.847241,50073900
2020-02-06,12.940000,13.000000,12.830000,12.950000,12.937153,63613900
2020-02-07,13.020000,13.090000,12.810000,12.830000,12.817272,66636600
2020-02-10,12.840000,12.970000,12.770000,12.910000,12.897192,33495500
2020-02-11,12.950000,12.980000,12.780000,12.850000,12.837253,40882300
2020-02-12,12.950000,13.260000,12.880000,13.160000,13.146944,65712900
2020-02-13,13.080000,13.160000,12.900000,12.940000,12.927162,51012300
2020-02-14,12.970000,13.070000,12.750000,12.830000,12.817272,36967100
2020-02-18,12.710000,12.950000,12.670000,12.750000,12.737351,43963500
2020-02-19,12.700000,12.940000,12.590000,12.610000,12.597489,54878300
2020-02-20,12.650000,12.680000,12.410000,12.530000,12.517570,39561900
2020-02-21,12.450000,12.460000,12.220000,12.250000,12.237847,42921200
2020-02-24,11.690000,12.060000,11.600000,11.860000,11.848234,70978000
2020-02-25,11.970000,12.000000,11.180000,11.320000,11.308769,81087400
2020-02-26,11.370000,11.540000,10.800000,10.950000,10.939137,93118000
2020-02-27,10.620000,10.950000,10.310000,10.390000,10.379693,94250500
2020-02-28,9.950000,11.190000,9.860000,10.880000,10.869206,151373200
2020-03-02,11.210000,11.340000,10.760000,11.210000,11.198879,124802200
2020-03-03,11.250000,11.380000,10.670000,10.880000,10.869206,109249200
2020-03-04,11.060000,11.120000,10.700000,10.950000,10.939137,83063100
2020-03-05,10.600000,10.730000,9.950000,10.080000,10.070000,108087200
2020-03-06,9.740000,9.760000,9.180000,9.400000,9.400000,148463500
2020-03-09,8.330000,8.660000,8.110000,8.210000,8.210000,122400700
2020-03-10,8.780000,8.850000,8.160000,8.850000,8.850000,98938900
2020-03-11,8.620000,8.660000,8.160000,8.210000,8.210000,103402500
2020-03-12,7.230000,7.780000,6.830000,7.230000,7.230000,157416100
2020-03-13,7.800000,8.040000,7.190000,7.850000,7.850000,110073200